TotalGenerations	Demes	TotalKappa	migration	isGlobal	mutation	frequency	growth	s	r	z	replicates	Rescue	Error
4800.00000	4.00000	20000.00000	0.00032	1.00000	0.00005	0.00000	1.50000	0.10000	0.50000	0.02000	1000.00000	0.37100	0.03926
4800.00000	4.00000	20000.00000	0.00032	1.00000	0.00005	0.00000	1.50000	0.50000	0.50000	0.02000	1000.00000	0.13200	0.02751
4800.00000	4.00000	20000.00000	0.00032	1.00000	0.00005	0.00000	1.50000	1.00000	0.50000	0.02000	1000.00000	0.08400	0.02254
4800.00000	4.00000	20000.00000	0.00032	0.00000	0.00005	0.00000	1.50000	0.10000	0.50000	0.02000	1000.00000	0.38200	0.03949
4800.00000	4.00000	20000.00000	0.00032	0.00000	0.00005	0.00000	1.50000	0.50000	0.50000	0.02000	1000.00000	0.13300	0.02760
4800.00000	4.00000	20000.00000	0.00032	0.00000	0.00005	0.00000	1.50000	1.00000	0.50000	0.02000	1000.00000	0.08800	0.02302
4800.00000	4.00000	20000.00000	0.02154	1.00000	0.00005	0.00000	1.50000	0.10000	0.50000	0.02000	1000.00000	0.97900	0.01165
4800.00000	4.00000	20000.00000	0.02154	1.00000	0.00005	0.00000	1.50000	0.50000	0.50000	0.02000	1000.00000	0.61500	0.03955
4800.00000	4.00000	20000.00000	0.02154	1.00000	0.00005	0.00000	1.50000	1.00000	0.50000	0.02000	1000.00000	0.46000	0.04051
4800.00000	4.00000	20000.00000	0.02154	0.00000	0.00005	0.00000	1.50000	0.10000	0.50000	0.02000	1000.00000	0.95200	0.01737
4800.00000	4.00000	20000.00000	0.02154	0.00000	0.00005	0.00000	1.50000	0.50000	0.50000	0.02000	1000.00000	0.51600	0.04061
4800.00000	4.00000	20000.00000	0.02154	0.00000	0.00005	0.00000	1.50000	1.00000	0.50000	0.02000	1000.00000	0.41300	0.04002
4800.00000	4.00000	20000.00000	0.68129	1.00000	0.00005	0.00000	1.50000	0.10000	0.50000	0.02000	1000.00000	1.00000	0.00000
4800.00000	4.00000	20000.00000	0.68129	1.00000	0.00005	0.00000	1.50000	0.50000	0.50000	0.02000	1000.00000	0.53500	0.04054
4800.00000	4.00000	20000.00000	0.68129	1.00000	0.00005	0.00000	1.50000	1.00000	0.50000	0.02000	1000.00000	0.08800	0.02302
4800.00000	4.00000	20000.00000	0.68129	0.00000	0.00005	0.00000	1.50000	0.10000	0.50000	0.02000	1000.00000	1.00000	0.00000
4800.00000	4.00000	20000.00000	0.68129	0.00000	0.00005	0.00000	1.50000	0.50000	0.50000	0.02000	1000.00000	0.22500	0.03394
4800.00000	4.00000	20000.00000	0.68129	0.00000	0.00005	0.00000	1.50000	1.00000	0.50000	0.02000	1000.00000	0.08600	0.02279
4800.00000	8.00000	20000.00000	0.00032	1.00000	0.00005	0.00000	1.50000	0.10000	0.50000	0.02000	1000.00000	0.38100	0.03947
4800.00000	8.00000	20000.00000	0.00032	1.00000	0.00005	0.00000	1.50000	0.50000	0.50000	0.02000	1000.00000	0.14500	0.02862
4800.00000	8.00000	20000.00000	0.00032	1.00000	0.00005	0.00000	1.50000	1.00000	0.50000	0.02000	1000.00000	0.10000	0.02438
4800.00000	8.00000	20000.00000	0.00032	0.00000	0.00005	0.00000	1.50000	0.10000	0.50000	0.02000	1000.00000	0.34000	0.03850
4800.00000	8.00000	20000.00000	0.00032	0.00000	0.00005	0.00000	1.50000	0.50000	0.50000	0.02000	1000.00000	0.12600	0.02697
4800.00000	8.00000	20000.00000	0.00032	0.00000	0.00005	0.00000	1.50000	1.00000	0.50000	0.02000	1000.00000	0.08500	0.02266
4800.00000	8.00000	20000.00000	0.02154	1.00000	0.00005	0.00000	1.50000	0.10000	0.50000	0.02000	1000.00000	0.97900	0.01165
4800.00000	8.00000	20000.00000	0.02154	1.00000	0.00005	0.00000	1.50000	0.50000	0.50000	0.02000	1000.00000	0.64300	0.03894
4800.00000	8.00000	20000.00000	0.02154	1.00000	0.00005	0.00000	1.50000	1.00000	0.50000	0.02000	1000.00000	0.49900	0.04064
4800.00000	8.00000	20000.00000	0.02154	0.00000	0.00005	0.00000	1.50000	0.10000	0.50000	0.02000	1000.00000	0.83900	0.02987
4800.00000	8.00000	20000.00000	0.02154	0.00000	0.00005	0.00000	1.50000	0.50000	0.50000	0.02000	1000.00000	0.39500	0.03973
4800.00000	8.00000	20000.00000	0.02154	0.00000	0.00005	0.00000	1.50000	1.00000	0.50000	0.02000	1000.00000	0.30100	0.03728
4800.00000	8.00000	20000.00000	0.68129	1.00000	0.00005	0.00000	1.50000	0.10000	0.50000	0.02000	1000.00000	1.00000	0.00000
4800.00000	8.00000	20000.00000	0.68129	1.00000	0.00005	0.00000	1.50000	0.50000	0.50000	0.02000	1000.00000	0.99800	0.00363
4800.00000	8.00000	20000.00000	0.68129	1.00000	0.00005	0.00000	1.50000	1.00000	0.50000	0.02000	1000.00000	0.09100	0.02337
4800.00000	8.00000	20000.00000	0.68129	0.00000	0.00005	0.00000	1.50000	0.10000	0.50000	0.02000	1000.00000	1.00000	0.00000
4800.00000	8.00000	20000.00000	0.68129	0.00000	0.00005	0.00000	1.50000	0.50000	0.50000	0.02000	1000.00000	0.56500	0.04029
4800.00000	8.00000	20000.00000	0.68129	0.00000	0.00005	0.00000	1.50000	1.00000	0.50000	0.02000	1000.00000	0.24800	0.03510
4800.00000	12.00000	20000.00000	0.00032	1.00000	0.00005	0.00000	1.50000	0.10000	0.50000	0.02000	1000.00000	0.38400	0.03953
4800.00000	12.00000	20000.00000	0.00032	1.00000	0.00005	0.00000	1.50000	0.50000	0.50000	0.02000	1000.00000	0.13900	0.02812
4800.00000	12.00000	20000.00000	0.00032	1.00000	0.00005	0.00000	1.50000	1.00000	0.50000	0.02000	1000.00000	0.11300	0.02573
4800.00000	12.00000	20000.00000	0.00032	0.00000	0.00005	0.00000	1.50000	0.10000	0.50000	0.02000	1000.00000	0.35600	0.03891
4800.00000	12.00000	20000.00000	0.00032	0.00000	0.00005	0.00000	1.50000	0.50000	0.50000	0.02000	1000.00000	0.10100	0.02449
4800.00000	12.00000	20000.00000	0.00032	0.00000	0.00005	0.00000	1.50000	1.00000	0.50000	0.02000	1000.00000	0.08200	0.02230
4800.00000	12.00000	20000.00000	0.02154	1.00000	0.00005	0.00000	1.50000	0.10000	0.50000	0.02000	1000.00000	0.99300	0.00678
4800.00000	12.00000	20000.00000	0.02154	1.00000	0.00005	0.00000	1.50000	0.50000	0.50000	0.02000	1000.00000	0.61500	0.03955
4800.00000	12.00000	20000.00000	0.02154	1.00000	0.00005	0.00000	1.50000	1.00000	0.50000	0.02000	1000.00000	0.47700	0.04059
4800.00000	12.00000	20000.00000	0.02154	0.00000	0.00005	0.00000	1.50000	0.10000	0.50000	0.02000	1000.00000	0.75800	0.03481
4800.00000	12.00000	20000.00000	0.02154	0.00000	0.00005	0.00000	1.50000	0.50000	0.50000	0.02000	1000.00000	0.31600	0.03778
4800.00000	12.00000	20000.00000	0.02154	0.00000	0.00005	0.00000	1.50000	1.00000	0.50000	0.02000	1000.00000	0.21600	0.03344
4800.00000	12.00000	20000.00000	0.68129	1.00000	0.00005	0.00000	1.50000	0.10000	0.50000	0.02000	1000.00000	1.00000	0.00000
4800.00000	12.00000	20000.00000	0.68129	1.00000	0.00005	0.00000	1.50000	0.50000	0.50000	0.02000	1000.00000	1.00000	0.00000
4800.00000	12.00000	20000.00000	0.68129	1.00000	0.00005	0.00000	1.50000	1.00000	0.50000	0.02000	1000.00000	0.10300	0.02470
4800.00000	12.00000	20000.00000	0.68129	0.00000	0.00005	0.00000	1.50000	0.10000	0.50000	0.02000	1000.00000	1.00000	0.00000
4800.00000	12.00000	20000.00000	0.68129	0.00000	0.00005	0.00000	1.50000	0.50000	0.50000	0.02000	1000.00000	0.71000	0.03688
4800.00000	12.00000	20000.00000	0.68129	0.00000	0.00005	0.00000	1.50000	1.00000	0.50000	0.02000	1000.00000	0.44000	0.04034
4800.00000	16.00000	20000.00000	0.00032	1.00000	0.00005	0.00000	1.50000	0.10000	0.50000	0.02000	1000.00000	0.40100	0.03983
4800.00000	16.00000	20000.00000	0.00032	1.00000	0.00005	0.00000	1.50000	0.50000	0.50000	0.02000	1000.00000	0.14000	0.02820
4800.00000	16.00000	20000.00000	0.00032	1.00000	0.00005	0.00000	1.50000	1.00000	0.50000	0.02000	1000.00000	0.08900	0.02314
4800.00000	16.00000	20000.00000	0.00032	0.00000	0.00005	0.00000	1.50000	0.10000	0.50000	0.02000	1000.00000	0.34400	0.03861
4800.00000	16.00000	20000.00000	0.00032	0.00000	0.00005	0.00000	1.50000	0.50000	0.50000	0.02000	1000.00000	0.11900	0.02631
4800.00000	16.00000	20000.00000	0.00032	0.00000	0.00005	0.00000	1.50000	1.00000	0.50000	0.02000	1000.00000	0.06800	0.02046
4800.00000	16.00000	20000.00000	0.02154	1.00000	0.00005	0.00000	1.50000	0.10000	0.50000	0.02000	1000.00000	0.98400	0.01020
4800.00000	16.00000	20000.00000	0.02154	1.00000	0.00005	0.00000	1.50000	0.50000	0.50000	0.02000	1000.00000	0.64600	0.03886
4800.00000	16.00000	20000.00000	0.02154	1.00000	0.00005	0.00000	1.50000	1.00000	0.50000	0.02000	1000.00000	0.50900	0.04063
4800.00000	16.00000	20000.00000	0.02154	0.00000	0.00005	0.00000	1.50000	0.10000	0.50000	0.02000	1000.00000	0.69200	0.03752
4800.00000	16.00000	20000.00000	0.02154	0.00000	0.00005	0.00000	1.50000	0.50000	0.50000	0.02000	1000.00000	0.26100	0.03569
4800.00000	16.00000	20000.00000	0.02154	0.00000	0.00005	0.00000	1.50000	1.00000	0.50000	0.02000	1000.00000	0.19300	0.03207
4800.00000	16.00000	20000.00000	0.68129	1.00000	0.00005	0.00000	1.50000	0.10000	0.50000	0.02000	1000.00000	1.00000	0.00000
4800.00000	16.00000	20000.00000	0.68129	1.00000	0.00005	0.00000	1.50000	0.50000	0.50000	0.02000	1000.00000	1.00000	0.00000
4800.00000	16.00000	20000.00000	0.68129	1.00000	0.00005	0.00000	1.50000	1.00000	0.50000	0.02000	1000.00000	0.11100	0.02553
4800.00000	16.00000	20000.00000	0.68129	0.00000	0.00005	0.00000	1.50000	0.10000	0.50000	0.02000	1000.00000	1.00000	0.00000
4800.00000	16.00000	20000.00000	0.68129	0.00000	0.00005	0.00000	1.50000	0.50000	0.50000	0.02000	1000.00000	0.73100	0.03604
4800.00000	16.00000	20000.00000	0.68129	0.00000	0.00005	0.00000	1.50000	1.00000	0.50000	0.02000	1000.00000	0.46000	0.04051
4800.00000	4.00000	20000.00000	0.00316	1.00000	0.00005	0.00000	1.50000	0.10000	0.50000	0.02000	1000.00000	0.71200	0.03680
4800.00000	4.00000	20000.00000	0.00316	1.00000	0.00005	0.00000	1.50000	0.50000	0.50000	0.02000	1000.00000	0.29800	0.03717
4800.00000	4.00000	20000.00000	0.00316	1.00000	0.00005	0.00000	1.50000	1.00000	0.50000	0.02000	1000.00000	0.21000	0.03310
4800.00000	4.00000	20000.00000	0.00316	0.00000	0.00005	0.00000	1.50000	0.10000	0.50000	0.02000	1000.00000	0.60300	0.03976
4800.00000	4.00000	20000.00000	0.00316	0.00000	0.00005	0.00000	1.50000	0.50000	0.50000	0.02000	1000.00000	0.22600	0.03399
4800.00000	4.00000	20000.00000	0.00316	0.00000	0.00005	0.00000	1.50000	1.00000	0.50000	0.02000	1000.00000	0.13900	0.02812
4800.00000	4.00000	20000.00000	0.01000	1.00000	0.00005	0.00000	1.50000	0.10000	0.50000	0.02000	1000.00000	0.93100	0.02060
4800.00000	4.00000	20000.00000	0.01000	1.00000	0.00005	0.00000	1.50000	0.50000	0.50000	0.02000	1000.00000	0.52200	0.04060
4800.00000	4.00000	20000.00000	0.01000	1.00000	0.00005	0.00000	1.50000	1.00000	0.50000	0.02000	1000.00000	0.40800	0.03994
4800.00000	4.00000	20000.00000	0.01000	0.00000	0.00005	0.00000	1.50000	0.10000	0.50000	0.02000	1000.00000	0.84300	0.02957
4800.00000	4.00000	20000.00000	0.01000	0.00000	0.00005	0.00000	1.50000	0.50000	0.50000	0.02000	1000.00000	0.41800	0.04009
4800.00000	4.00000	20000.00000	0.01000	0.00000	0.00005	0.00000	1.50000	1.00000	0.50000	0.02000	1000.00000	0.29500	0.03706
4800.00000	4.00000	20000.00000	0.06813	1.00000	0.00005	0.00000	1.50000	0.10000	0.50000	0.02000	1000.00000	0.98300	0.01051
4800.00000	4.00000	20000.00000	0.06813	1.00000	0.00005	0.00000	1.50000	0.50000	0.50000	0.02000	1000.00000	0.40900	0.03996
4800.00000	4.00000	20000.00000	0.06813	1.00000	0.00005	0.00000	1.50000	1.00000	0.50000	0.02000	1000.00000	0.24700	0.03505
4800.00000	4.00000	20000.00000	0.06813	0.00000	0.00005	0.00000	1.50000	0.10000	0.50000	0.02000	1000.00000	0.98500	0.00988
4800.00000	4.00000	20000.00000	0.06813	0.00000	0.00005	0.00000	1.50000	0.50000	0.50000	0.02000	1000.00000	0.56400	0.04030
4800.00000	4.00000	20000.00000	0.06813	0.00000	0.00005	0.00000	1.50000	1.00000	0.50000	0.02000	1000.00000	0.44800	0.04041
4800.00000	4.00000	20000.00000	0.10000	1.00000	0.00005	0.00000	1.50000	0.10000	0.50000	0.02000	1000.00000	0.99400	0.00628
4800.00000	4.00000	20000.00000	0.10000	1.00000	0.00005	0.00000	1.50000	0.50000	0.50000	0.02000	1000.00000	0.21300	0.03327
4800.00000	4.00000	20000.00000	0.10000	1.00000	0.00005	0.00000	1.50000	1.00000	0.50000	0.02000	1000.00000	0.12000	0.02641
4800.00000	4.00000	20000.00000	0.10000	0.00000	0.00005	0.00000	1.50000	0.10000	0.50000	0.02000	1000.00000	0.98900	0.00848
4800.00000	4.00000	20000.00000	0.10000	0.00000	0.00005	0.00000	1.50000	0.50000	0.50000	0.02000	1000.00000	0.54200	0.04049
4800.00000	4.00000	20000.00000	0.10000	0.00000	0.00005	0.00000	1.50000	1.00000	0.50000	0.02000	1000.00000	0.36100	0.03903
4800.00000	8.00000	20000.00000	0.00316	1.00000	0.00005	0.00000	1.50000	0.10000	0.50000	0.02000	1000.00000	0.71600	0.03665
4800.00000	8.00000	20000.00000	0.00316	1.00000	0.00005	0.00000	1.50000	0.50000	0.50000	0.02000	1000.00000	0.33600	0.03839
4800.00000	8.00000	20000.00000	0.00316	1.00000	0.00005	0.00000	1.50000	1.00000	0.50000	0.02000	1000.00000	0.24600	0.03500
4800.00000	8.00000	20000.00000	0.00316	0.00000	0.00005	0.00000	1.50000	0.10000	0.50000	0.02000	1000.00000	0.52500	0.04058
4800.00000	8.00000	20000.00000	0.00316	0.00000	0.00005	0.00000	1.50000	0.50000	0.50000	0.02000	1000.00000	0.19100	0.03195
4800.00000	8.00000	20000.00000	0.00316	0.00000	0.00005	0.00000	1.50000	1.00000	0.50000	0.02000	1000.00000	0.11500	0.02593
4800.00000	8.00000	20000.00000	0.01000	1.00000	0.00005	0.00000	1.50000	0.10000	0.50000	0.02000	1000.00000	0.94200	0.01900
4800.00000	8.00000	20000.00000	0.01000	1.00000	0.00005	0.00000	1.50000	0.50000	0.50000	0.02000	1000.00000	0.53500	0.04054
4800.00000	8.00000	20000.00000	0.01000	1.00000	0.00005	0.00000	1.50000	1.00000	0.50000	0.02000	1000.00000	0.42200	0.04014
4800.00000	8.00000	20000.00000	0.01000	0.00000	0.00005	0.00000	1.50000	0.10000	0.50000	0.02000	1000.00000	0.70000	0.03724
4800.00000	8.00000	20000.00000	0.01000	0.00000	0.00005	0.00000	1.50000	0.50000	0.50000	0.02000	1000.00000	0.26500	0.03587
4800.00000	8.00000	20000.00000	0.01000	0.00000	0.00005	0.00000	1.50000	1.00000	0.50000	0.02000	1000.00000	0.21200	0.03322
4800.00000	8.00000	20000.00000	0.06813	1.00000	0.00005	0.00000	1.50000	0.10000	0.50000	0.02000	1000.00000	0.99100	0.00768
4800.00000	8.00000	20000.00000	0.06813	1.00000	0.00005	0.00000	1.50000	0.50000	0.50000	0.02000	1000.00000	0.46700	0.04055
4800.00000	8.00000	20000.00000	0.06813	1.00000	0.00005	0.00000	1.50000	1.00000	0.50000	0.02000	1000.00000	0.33200	0.03827
4800.00000	8.00000	20000.00000	0.06813	0.00000	0.00005	0.00000	1.50000	0.10000	0.50000	0.02000	1000.00000	0.96900	0.01409
4800.00000	8.00000	20000.00000	0.06813	0.00000	0.00005	0.00000	1.50000	0.50000	0.50000	0.02000	1000.00000	0.57000	0.04024
4800.00000	8.00000	20000.00000	0.06813	0.00000	0.00005	0.00000	1.50000	1.00000	0.50000	0.02000	1000.00000	0.37300	0.03930
4800.00000	8.00000	20000.00000	0.10000	1.00000	0.00005	0.00000	1.50000	0.10000	0.50000	0.02000	1000.00000	0.99800	0.00363
4800.00000	8.00000	20000.00000	0.10000	1.00000	0.00005	0.00000	1.50000	0.50000	0.50000	0.02000	1000.00000	0.41500	0.04004
4800.00000	8.00000	20000.00000	0.10000	1.00000	0.00005	0.00000	1.50000	1.00000	0.50000	0.02000	1000.00000	0.25200	0.03528
4800.00000	8.00000	20000.00000	0.10000	0.00000	0.00005	0.00000	1.50000	0.10000	0.50000	0.02000	1000.00000	0.98500	0.00988
4800.00000	8.00000	20000.00000	0.10000	0.00000	0.00005	0.00000	1.50000	0.50000	0.50000	0.02000	1000.00000	0.62800	0.03928
4800.00000	8.00000	20000.00000	0.10000	0.00000	0.00005	0.00000	1.50000	1.00000	0.50000	0.02000	1000.00000	0.43800	0.04032
4800.00000	12.00000	20000.00000	0.00316	1.00000	0.00005	0.00000	1.50000	0.10000	0.50000	0.02000	1000.00000	0.73900	0.03569
4800.00000	12.00000	20000.00000	0.00316	1.00000	0.00005	0.00000	1.50000	0.50000	0.50000	0.02000	1000.00000	0.32000	0.03791
4800.00000	12.00000	20000.00000	0.00316	1.00000	0.00005	0.00000	1.50000	1.00000	0.50000	0.02000	1000.00000	0.24100	0.03476
4800.00000	12.00000	20000.00000	0.00316	0.00000	0.00005	0.00000	1.50000	0.10000	0.50000	0.02000	1000.00000	0.44200	0.04036
4800.00000	12.00000	20000.00000	0.00316	0.00000	0.00005	0.00000	1.50000	0.50000	0.50000	0.02000	1000.00000	0.15200	0.02918
4800.00000	12.00000	20000.00000	0.00316	0.00000	0.00005	0.00000	1.50000	1.00000	0.50000	0.02000	1000.00000	0.09200	0.02349
4800.00000	12.00000	20000.00000	0.01000	1.00000	0.00005	0.00000	1.50000	0.10000	0.50000	0.02000	1000.00000	0.93700	0.01975
4800.00000	12.00000	20000.00000	0.01000	1.00000	0.00005	0.00000	1.50000	0.50000	0.50000	0.02000	1000.00000	0.56800	0.04026
4800.00000	12.00000	20000.00000	0.01000	1.00000	0.00005	0.00000	1.50000	1.00000	0.50000	0.02000	1000.00000	0.41500	0.04004
4800.00000	12.00000	20000.00000	0.01000	0.00000	0.00005	0.00000	1.50000	0.10000	0.50000	0.02000	1000.00000	0.59400	0.03991
4800.00000	12.00000	20000.00000	0.01000	0.00000	0.00005	0.00000	1.50000	0.50000	0.50000	0.02000	1000.00000	0.23200	0.03431
4800.00000	12.00000	20000.00000	0.01000	0.00000	0.00005	0.00000	1.50000	1.00000	0.50000	0.02000	1000.00000	0.15600	0.02949
4800.00000	12.00000	20000.00000	0.06813	1.00000	0.00005	0.00000	1.50000	0.10000	0.50000	0.02000	1000.00000	0.99500	0.00573
4800.00000	12.00000	20000.00000	0.06813	1.00000	0.00005	0.00000	1.50000	0.50000	0.50000	0.02000	1000.00000	0.49400	0.04063
4800.00000	12.00000	20000.00000	0.06813	1.00000	0.00005	0.00000	1.50000	1.00000	0.50000	0.02000	1000.00000	0.33300	0.03830
4800.00000	12.00000	20000.00000	0.06813	0.00000	0.00005	0.00000	1.50000	0.10000	0.50000	0.02000	1000.00000	0.94300	0.01884
4800.00000	12.00000	20000.00000	0.06813	0.00000	0.00005	0.00000	1.50000	0.50000	0.50000	0.02000	1000.00000	0.47000	0.04056
4800.00000	12.00000	20000.00000	0.06813	0.00000	0.00005	0.00000	1.50000	1.00000	0.50000	0.02000	1000.00000	0.33000	0.03821
4800.00000	12.00000	20000.00000	0.10000	1.00000	0.00005	0.00000	1.50000	0.10000	0.50000	0.02000	1000.00000	0.99800	0.00363
4800.00000	12.00000	20000.00000	0.10000	1.00000	0.00005	0.00000	1.50000	0.50000	0.50000	0.02000	1000.00000	0.41300	0.04002
4800.00000	12.00000	20000.00000	0.10000	1.00000	0.00005	0.00000	1.50000	1.00000	0.50000	0.02000	1000.00000	0.26900	0.03604
4800.00000	12.00000	20000.00000	0.10000	0.00000	0.00005	0.00000	1.50000	0.10000	0.50000	0.02000	1000.00000	0.97300	0.01317
4800.00000	12.00000	20000.00000	0.10000	0.00000	0.00005	0.00000	1.50000	0.50000	0.50000	0.02000	1000.00000	0.50700	0.04063
4800.00000	12.00000	20000.00000	0.10000	0.00000	0.00005	0.00000	1.50000	1.00000	0.50000	0.02000	1000.00000	0.38800	0.03960
4800.00000	16.00000	20000.00000	0.00316	1.00000	0.00005	0.00000	1.50000	0.10000	0.50000	0.02000	1000.00000	0.75700	0.03486
4800.00000	16.00000	20000.00000	0.00316	1.00000	0.00005	0.00000	1.50000	0.50000	0.50000	0.02000	1000.00000	0.33100	0.03824
4800.00000	16.00000	20000.00000	0.00316	1.00000	0.00005	0.00000	1.50000	1.00000	0.50000	0.02000	1000.00000	0.22300	0.03383
4800.00000	16.00000	20000.00000	0.00316	0.00000	0.00005	0.00000	1.50000	0.10000	0.50000	0.02000	1000.00000	0.39400	0.03971
4800.00000	16.00000	20000.00000	0.00316	0.00000	0.00005	0.00000	1.50000	0.50000	0.50000	0.02000	1000.00000	0.15100	0.02910
4800.00000	16.00000	20000.00000	0.00316	0.00000	0.00005	0.00000	1.50000	1.00000	0.50000	0.02000	1000.00000	0.08600	0.02279
4800.00000	16.00000	20000.00000	0.01000	1.00000	0.00005	0.00000	1.50000	0.10000	0.50000	0.02000	1000.00000	0.94900	0.01788
4800.00000	16.00000	20000.00000	0.01000	1.00000	0.00005	0.00000	1.50000	0.50000	0.50000	0.02000	1000.00000	0.51300	0.04062
4800.00000	16.00000	20000.00000	0.01000	1.00000	0.00005	0.00000	1.50000	1.00000	0.50000	0.02000	1000.00000	0.39800	0.03978
4800.00000	16.00000	20000.00000	0.01000	0.00000	0.00005	0.00000	1.50000	0.10000	0.50000	0.02000	1000.00000	0.56000	0.04034
4800.00000	16.00000	20000.00000	0.01000	0.00000	0.00005	0.00000	1.50000	0.50000	0.50000	0.02000	1000.00000	0.20700	0.03293
4800.00000	16.00000	20000.00000	0.01000	0.00000	0.00005	0.00000	1.50000	1.00000	0.50000	0.02000	1000.00000	0.13500	0.02777
4800.00000	16.00000	20000.00000	0.06813	1.00000	0.00005	0.00000	1.50000	0.10000	0.50000	0.02000	1000.00000	0.99300	0.00678
4800.00000	16.00000	20000.00000	0.06813	1.00000	0.00005	0.00000	1.50000	0.50000	0.50000	0.02000	1000.00000	0.49100	0.04063
4800.00000	16.00000	20000.00000	0.06813	1.00000	0.00005	0.00000	1.50000	1.00000	0.50000	0.02000	1000.00000	0.35700	0.03894
4800.00000	16.00000	20000.00000	0.06813	0.00000	0.00005	0.00000	1.50000	0.10000	0.50000	0.02000	1000.00000	0.88700	0.02573
4800.00000	16.00000	20000.00000	0.06813	0.00000	0.00005	0.00000	1.50000	0.50000	0.50000	0.02000	1000.00000	0.41000	0.03997
4800.00000	16.00000	20000.00000	0.06813	0.00000	0.00005	0.00000	1.50000	1.00000	0.50000	0.02000	1000.00000	0.30100	0.03728
4800.00000	16.00000	20000.00000	0.10000	1.00000	0.00005	0.00000	1.50000	0.10000	0.50000	0.02000	1000.00000	0.99700	0.00444
4800.00000	16.00000	20000.00000	0.10000	1.00000	0.00005	0.00000	1.50000	0.50000	0.50000	0.02000	1000.00000	0.44200	0.04036
4800.00000	16.00000	20000.00000	0.10000	1.00000	0.00005	0.00000	1.50000	1.00000	0.50000	0.02000	1000.00000	0.28500	0.03669
4800.00000	16.00000	20000.00000	0.10000	0.00000	0.00005	0.00000	1.50000	0.10000	0.50000	0.02000	1000.00000	0.94000	0.01930
4800.00000	16.00000	20000.00000	0.10000	0.00000	0.00005	0.00000	1.50000	0.50000	0.50000	0.02000	1000.00000	0.45700	0.04048
4800.00000	16.00000	20000.00000	0.10000	0.00000	0.00005	0.00000	1.50000	1.00000	0.50000	0.02000	1000.00000	0.33700	0.03842
