TotalGenerations	Demes	TotalKappa	migration	isGlobal	mutation	frequency	growth	s	r	z	replicates	Rescue	Error
3200.00000	16.00000	20000.00000	0.03162	0.00000	0.00005	0.00000	1.50000	0.90000	0.50000	0.02000	1000.00000	0.20300	0.03269
3200.00000	16.00000	20000.00000	0.03162	0.00000	0.00005	0.00000	1.50000	1.00000	0.50000	0.02000	1000.00000	0.15900	0.02972
3200.00000	16.00000	20000.00000	0.04642	1.00000	0.00005	0.00000	1.50000	0.01000	0.50000	0.02000	1000.00000	1.00000	0.00000
3200.00000	16.00000	20000.00000	0.04642	1.00000	0.00005	0.00000	1.50000	0.10000	0.50000	0.02000	1000.00000	0.94300	0.01884
3200.00000	16.00000	20000.00000	0.04642	1.00000	0.00005	0.00000	1.50000	0.20000	0.50000	0.02000	1000.00000	0.75300	0.03505
3200.00000	16.00000	20000.00000	0.04642	1.00000	0.00005	0.00000	1.50000	0.30000	0.50000	0.02000	1000.00000	0.59700	0.03986
3200.00000	16.00000	20000.00000	0.04642	1.00000	0.00005	0.00000	1.50000	0.40000	0.50000	0.02000	1000.00000	0.54200	0.04049
3200.00000	16.00000	20000.00000	0.04642	1.00000	0.00005	0.00000	1.50000	0.50000	0.50000	0.02000	1000.00000	0.46900	0.04056
3200.00000	16.00000	20000.00000	0.04642	1.00000	0.00005	0.00000	1.50000	0.60000	0.50000	0.02000	1000.00000	0.41100	0.03999
3200.00000	16.00000	20000.00000	0.04642	1.00000	0.00005	0.00000	1.50000	0.70000	0.50000	0.02000	1000.00000	0.38600	0.03956
3200.00000	16.00000	20000.00000	0.04642	1.00000	0.00005	0.00000	1.50000	0.80000	0.50000	0.02000	1000.00000	0.35800	0.03896
3200.00000	16.00000	20000.00000	0.04642	1.00000	0.00005	0.00000	1.50000	0.90000	0.50000	0.02000	1000.00000	0.34800	0.03871
3200.00000	16.00000	20000.00000	0.04642	1.00000	0.00005	0.00000	1.50000	1.00000	0.50000	0.02000	1000.00000	0.29400	0.03703
3200.00000	16.00000	20000.00000	0.04642	0.00000	0.00005	0.00000	1.50000	0.01000	0.50000	0.02000	1000.00000	1.00000	0.00000
3200.00000	16.00000	20000.00000	0.04642	0.00000	0.00005	0.00000	1.50000	0.10000	0.50000	0.02000	1000.00000	0.73700	0.03578
3200.00000	16.00000	20000.00000	0.04642	0.00000	0.00005	0.00000	1.50000	0.20000	0.50000	0.02000	1000.00000	0.50500	0.04063
3200.00000	16.00000	20000.00000	0.04642	0.00000	0.00005	0.00000	1.50000	0.30000	0.50000	0.02000	1000.00000	0.38600	0.03956
3200.00000	16.00000	20000.00000	0.04642	0.00000	0.00005	0.00000	1.50000	0.40000	0.50000	0.02000	1000.00000	0.30300	0.03735
3200.00000	16.00000	20000.00000	0.04642	0.00000	0.00005	0.00000	1.50000	0.50000	0.50000	0.02000	1000.00000	0.26700	0.03595
3200.00000	16.00000	20000.00000	0.04642	0.00000	0.00005	0.00000	1.50000	0.60000	0.50000	0.02000	1000.00000	0.26800	0.03600
3200.00000	16.00000	20000.00000	0.04642	0.00000	0.00005	0.00000	1.50000	0.70000	0.50000	0.02000	1000.00000	0.22200	0.03378
3200.00000	16.00000	20000.00000	0.04642	0.00000	0.00005	0.00000	1.50000	0.80000	0.50000	0.02000	1000.00000	0.21800	0.03356
3200.00000	16.00000	20000.00000	0.04642	0.00000	0.00005	0.00000	1.50000	0.90000	0.50000	0.02000	1000.00000	0.20200	0.03263
3200.00000	16.00000	20000.00000	0.04642	0.00000	0.00005	0.00000	1.50000	1.00000	0.50000	0.02000	1000.00000	0.19400	0.03214
3200.00000	16.00000	20000.00000	0.06813	1.00000	0.00005	0.00000	1.50000	0.01000	0.50000	0.02000	1000.00000	1.00000	0.00000
3200.00000	16.00000	20000.00000	0.06813	1.00000	0.00005	0.00000	1.50000	0.10000	0.50000	0.02000	1000.00000	0.96000	0.01593
3200.00000	16.00000	20000.00000	0.06813	1.00000	0.00005	0.00000	1.50000	0.20000	0.50000	0.02000	1000.00000	0.72800	0.03616
3200.00000	16.00000	20000.00000	0.06813	1.00000	0.00005	0.00000	1.50000	0.30000	0.50000	0.02000	1000.00000	0.54700	0.04046
3200.00000	16.00000	20000.00000	0.06813	1.00000	0.00005	0.00000	1.50000	0.40000	0.50000	0.02000	1000.00000	0.44900	0.04042
3200.00000	16.00000	20000.00000	0.06813	1.00000	0.00005	0.00000	1.50000	0.50000	0.50000	0.02000	1000.00000	0.38500	0.03955
3200.00000	16.00000	20000.00000	0.06813	1.00000	0.00005	0.00000	1.50000	0.60000	0.50000	0.02000	1000.00000	0.36100	0.03903
3200.00000	16.00000	20000.00000	0.06813	1.00000	0.00005	0.00000	1.50000	0.70000	0.50000	0.02000	1000.00000	0.32700	0.03813
3200.00000	16.00000	20000.00000	0.06813	1.00000	0.00005	0.00000	1.50000	0.80000	0.50000	0.02000	1000.00000	0.30500	0.03742
3200.00000	16.00000	20000.00000	0.06813	1.00000	0.00005	0.00000	1.50000	0.90000	0.50000	0.02000	1000.00000	0.28300	0.03661
3200.00000	16.00000	20000.00000	0.06813	1.00000	0.00005	0.00000	1.50000	1.00000	0.50000	0.02000	1000.00000	0.29500	0.03706
3200.00000	16.00000	20000.00000	0.06813	0.00000	0.00005	0.00000	1.50000	0.01000	0.50000	0.02000	1000.00000	1.00000	0.00000
3200.00000	16.00000	20000.00000	0.06813	0.00000	0.00005	0.00000	1.50000	0.10000	0.50000	0.02000	1000.00000	0.81800	0.03136
3200.00000	16.00000	20000.00000	0.06813	0.00000	0.00005	0.00000	1.50000	0.20000	0.50000	0.02000	1000.00000	0.58200	0.04009
3200.00000	16.00000	20000.00000	0.06813	0.00000	0.00005	0.00000	1.50000	0.30000	0.50000	0.02000	1000.00000	0.41600	0.04006
3200.00000	16.00000	20000.00000	0.06813	0.00000	0.00005	0.00000	1.50000	0.40000	0.50000	0.02000	1000.00000	0.36500	0.03913
3200.00000	16.00000	20000.00000	0.06813	0.00000	0.00005	0.00000	1.50000	0.50000	0.50000	0.02000	1000.00000	0.31000	0.03759
3200.00000	16.00000	20000.00000	0.06813	0.00000	0.00005	0.00000	1.50000	0.60000	0.50000	0.02000	1000.00000	0.28300	0.03661
3200.00000	16.00000	20000.00000	0.06813	0.00000	0.00005	0.00000	1.50000	0.70000	0.50000	0.02000	1000.00000	0.26800	0.03600
3200.00000	16.00000	20000.00000	0.06813	0.00000	0.00005	0.00000	1.50000	0.80000	0.50000	0.02000	1000.00000	0.25700	0.03551
3200.00000	16.00000	20000.00000	0.06813	0.00000	0.00005	0.00000	1.50000	0.90000	0.50000	0.02000	1000.00000	0.21600	0.03344
3200.00000	16.00000	20000.00000	0.06813	0.00000	0.00005	0.00000	1.50000	1.00000	0.50000	0.02000	1000.00000	0.22200	0.03378
3200.00000	16.00000	20000.00000	0.10000	1.00000	0.00005	0.00000	1.50000	0.01000	0.50000	0.02000	1000.00000	1.00000	0.00000
3200.00000	16.00000	20000.00000	0.10000	1.00000	0.00005	0.00000	1.50000	0.10000	0.50000	0.02000	1000.00000	0.99100	0.00768
3200.00000	16.00000	20000.00000	0.10000	1.00000	0.00005	0.00000	1.50000	0.20000	0.50000	0.02000	1000.00000	0.73900	0.03569
3200.00000	16.00000	20000.00000	0.10000	1.00000	0.00005	0.00000	1.50000	0.30000	0.50000	0.02000	1000.00000	0.54100	0.04050
3200.00000	16.00000	20000.00000	0.10000	1.00000	0.00005	0.00000	1.50000	0.40000	0.50000	0.02000	1000.00000	0.41500	0.04004
3200.00000	16.00000	20000.00000	0.10000	1.00000	0.00005	0.00000	1.50000	0.50000	0.50000	0.02000	1000.00000	0.36000	0.03901
3200.00000	16.00000	20000.00000	0.10000	1.00000	0.00005	0.00000	1.50000	0.60000	0.50000	0.02000	1000.00000	0.30100	0.03728
3200.00000	16.00000	20000.00000	0.10000	1.00000	0.00005	0.00000	1.50000	0.70000	0.50000	0.02000	1000.00000	0.30000	0.03724
3200.00000	16.00000	20000.00000	0.10000	1.00000	0.00005	0.00000	1.50000	0.80000	0.50000	0.02000	1000.00000	0.26700	0.03595
3200.00000	16.00000	20000.00000	0.10000	1.00000	0.00005	0.00000	1.50000	0.90000	0.50000	0.02000	1000.00000	0.24600	0.03500
3200.00000	16.00000	20000.00000	0.10000	1.00000	0.00005	0.00000	1.50000	1.00000	0.50000	0.02000	1000.00000	0.24100	0.03476
3200.00000	16.00000	20000.00000	0.10000	0.00000	0.00005	0.00000	1.50000	0.01000	0.50000	0.02000	1000.00000	1.00000	0.00000
3200.00000	16.00000	20000.00000	0.10000	0.00000	0.00005	0.00000	1.50000	0.10000	0.50000	0.02000	1000.00000	0.87900	0.02650
3200.00000	16.00000	20000.00000	0.10000	0.00000	0.00005	0.00000	1.50000	0.20000	0.50000	0.02000	1000.00000	0.61200	0.03960
3200.00000	16.00000	20000.00000	0.10000	0.00000	0.00005	0.00000	1.50000	0.30000	0.50000	0.02000	1000.00000	0.48700	0.04062
3200.00000	16.00000	20000.00000	0.10000	0.00000	0.00005	0.00000	1.50000	0.40000	0.50000	0.02000	1000.00000	0.39400	0.03971
3200.00000	16.00000	20000.00000	0.10000	0.00000	0.00005	0.00000	1.50000	0.50000	0.50000	0.02000	1000.00000	0.37400	0.03932
3200.00000	16.00000	20000.00000	0.10000	0.00000	0.00005	0.00000	1.50000	0.60000	0.50000	0.02000	1000.00000	0.30900	0.03755
3200.00000	16.00000	20000.00000	0.10000	0.00000	0.00005	0.00000	1.50000	0.70000	0.50000	0.02000	1000.00000	0.28700	0.03676
3200.00000	16.00000	20000.00000	0.10000	0.00000	0.00005	0.00000	1.50000	0.80000	0.50000	0.02000	1000.00000	0.25000	0.03519
3200.00000	16.00000	20000.00000	0.10000	0.00000	0.00005	0.00000	1.50000	0.90000	0.50000	0.02000	1000.00000	0.24700	0.03505
3200.00000	16.00000	20000.00000	0.10000	0.00000	0.00005	0.00000	1.50000	1.00000	0.50000	0.02000	1000.00000	0.25100	0.03524
3200.00000	16.00000	20000.00000	0.14678	1.00000	0.00005	0.00000	1.50000	0.01000	0.50000	0.02000	1000.00000	1.00000	0.00000
3200.00000	16.00000	20000.00000	0.14678	1.00000	0.00005	0.00000	1.50000	0.10000	0.50000	0.02000	1000.00000	1.00000	0.00000
3200.00000	16.00000	20000.00000	0.14678	1.00000	0.00005	0.00000	1.50000	0.20000	0.50000	0.02000	1000.00000	0.84300	0.02957
3200.00000	16.00000	20000.00000	0.14678	1.00000	0.00005	0.00000	1.50000	0.30000	0.50000	0.02000	1000.00000	0.56000	0.04034
3200.00000	16.00000	20000.00000	0.14678	1.00000	0.00005	0.00000	1.50000	0.40000	0.50000	0.02000	1000.00000	0.39900	0.03980
3200.00000	16.00000	20000.00000	0.14678	1.00000	0.00005	0.00000	1.50000	0.50000	0.50000	0.02000	1000.00000	0.31400	0.03772
3200.00000	16.00000	20000.00000	0.14678	1.00000	0.00005	0.00000	1.50000	0.60000	0.50000	0.02000	1000.00000	0.26800	0.03600
3200.00000	16.00000	20000.00000	0.14678	1.00000	0.00005	0.00000	1.50000	0.70000	0.50000	0.02000	1000.00000	0.24000	0.03471
3200.00000	16.00000	20000.00000	0.14678	1.00000	0.00005	0.00000	1.50000	0.80000	0.50000	0.02000	1000.00000	0.21000	0.03310
3200.00000	16.00000	20000.00000	0.14678	1.00000	0.00005	0.00000	1.50000	0.90000	0.50000	0.02000	1000.00000	0.20900	0.03304
3200.00000	16.00000	20000.00000	0.14678	1.00000	0.00005	0.00000	1.50000	1.00000	0.50000	0.02000	1000.00000	0.21200	0.03322
3200.00000	16.00000	20000.00000	0.14678	0.00000	0.00005	0.00000	1.50000	0.01000	0.50000	0.02000	1000.00000	1.00000	0.00000
3200.00000	16.00000	20000.00000	0.14678	0.00000	0.00005	0.00000	1.50000	0.10000	0.50000	0.02000	1000.00000	0.94500	0.01853
3200.00000	16.00000	20000.00000	0.14678	0.00000	0.00005	0.00000	1.50000	0.20000	0.50000	0.02000	1000.00000	0.71200	0.03680
3200.00000	16.00000	20000.00000	0.14678	0.00000	0.00005	0.00000	1.50000	0.30000	0.50000	0.02000	1000.00000	0.54700	0.04046
3200.00000	16.00000	20000.00000	0.14678	0.00000	0.00005	0.00000	1.50000	0.40000	0.50000	0.02000	1000.00000	0.49200	0.04063
3200.00000	16.00000	20000.00000	0.14678	0.00000	0.00005	0.00000	1.50000	0.50000	0.50000	0.02000	1000.00000	0.41700	0.04007
3200.00000	16.00000	20000.00000	0.14678	0.00000	0.00005	0.00000	1.50000	0.60000	0.50000	0.02000	1000.00000	0.34600	0.03866
3200.00000	16.00000	20000.00000	0.14678	0.00000	0.00005	0.00000	1.50000	0.70000	0.50000	0.02000	1000.00000	0.31500	0.03775
3200.00000	16.00000	20000.00000	0.14678	0.00000	0.00005	0.00000	1.50000	0.80000	0.50000	0.02000	1000.00000	0.30100	0.03728
3200.00000	16.00000	20000.00000	0.14678	0.00000	0.00005	0.00000	1.50000	0.90000	0.50000	0.02000	1000.00000	0.30100	0.03728
3200.00000	16.00000	20000.00000	0.14678	0.00000	0.00005	0.00000	1.50000	1.00000	0.50000	0.02000	1000.00000	0.26400	0.03582
3200.00000	16.00000	20000.00000	0.21544	1.00000	0.00005	0.00000	1.50000	0.01000	0.50000	0.02000	1000.00000	1.00000	0.00000
3200.00000	16.00000	20000.00000	0.21544	1.00000	0.00005	0.00000	1.50000	0.10000	0.50000	0.02000	1000.00000	1.00000	0.00000
3200.00000	16.00000	20000.00000	0.21544	1.00000	0.00005	0.00000	1.50000	0.20000	0.50000	0.02000	1000.00000	0.96000	0.01593
3200.00000	16.00000	20000.00000	0.21544	1.00000	0.00005	0.00000	1.50000	0.30000	0.50000	0.02000	1000.00000	0.64100	0.03899
3200.00000	16.00000	20000.00000	0.21544	1.00000	0.00005	0.00000	1.50000	0.40000	0.50000	0.02000	1000.00000	0.44600	0.04040
3200.00000	16.00000	20000.00000	0.21544	1.00000	0.00005	0.00000	1.50000	0.50000	0.50000	0.02000	1000.00000	0.31700	0.03782
3200.00000	16.00000	20000.00000	0.21544	1.00000	0.00005	0.00000	1.50000	0.60000	0.50000	0.02000	1000.00000	0.24800	0.03510
3200.00000	16.00000	20000.00000	0.21544	1.00000	0.00005	0.00000	1.50000	0.70000	0.50000	0.02000	1000.00000	0.21700	0.03350
3200.00000	16.00000	20000.00000	0.21544	1.00000	0.00005	0.00000	1.50000	0.80000	0.50000	0.02000	1000.00000	0.20300	0.03269
3200.00000	16.00000	20000.00000	0.21544	1.00000	0.00005	0.00000	1.50000	0.90000	0.50000	0.02000	1000.00000	0.19100	0.03195
3200.00000	16.00000	20000.00000	0.21544	1.00000	0.00005	0.00000	1.50000	1.00000	0.50000	0.02000	1000.00000	0.16000	0.02979
3200.00000	16.00000	20000.00000	0.21544	0.00000	0.00005	0.00000	1.50000	0.01000	0.50000	0.02000	1000.00000	1.00000	0.00000
3200.00000	16.00000	20000.00000	0.21544	0.00000	0.00005	0.00000	1.50000	0.10000	0.50000	0.02000	1000.00000	0.97400	0.01293
3200.00000	16.00000	20000.00000	0.21544	0.00000	0.00005	0.00000	1.50000	0.20000	0.50000	0.02000	1000.00000	0.76000	0.03471
3200.00000	16.00000	20000.00000	0.21544	0.00000	0.00005	0.00000	1.50000	0.30000	0.50000	0.02000	1000.00000	0.62100	0.03943
3200.00000	16.00000	20000.00000	0.21544	0.00000	0.00005	0.00000	1.50000	0.40000	0.50000	0.02000	1000.00000	0.51100	0.04063
3200.00000	16.00000	20000.00000	0.21544	0.00000	0.00005	0.00000	1.50000	0.50000	0.50000	0.02000	1000.00000	0.42700	0.04020
3200.00000	16.00000	20000.00000	0.21544	0.00000	0.00005	0.00000	1.50000	0.60000	0.50000	0.02000	1000.00000	0.43000	0.04024
3200.00000	16.00000	20000.00000	0.21544	0.00000	0.00005	0.00000	1.50000	0.70000	0.50000	0.02000	1000.00000	0.36700	0.03917
3200.00000	16.00000	20000.00000	0.21544	0.00000	0.00005	0.00000	1.50000	0.80000	0.50000	0.02000	1000.00000	0.32300	0.03800
3200.00000	16.00000	20000.00000	0.21544	0.00000	0.00005	0.00000	1.50000	0.90000	0.50000	0.02000	1000.00000	0.30500	0.03742
3200.00000	16.00000	20000.00000	0.21544	0.00000	0.00005	0.00000	1.50000	1.00000	0.50000	0.02000	1000.00000	0.30600	0.03745
3200.00000	16.00000	20000.00000	0.31623	1.00000	0.00005	0.00000	1.50000	0.01000	0.50000	0.02000	1000.00000	1.00000	0.00000
3200.00000	16.00000	20000.00000	0.31623	1.00000	0.00005	0.00000	1.50000	0.10000	0.50000	0.02000	1000.00000	1.00000	0.00000
3200.00000	16.00000	20000.00000	0.31623	1.00000	0.00005	0.00000	1.50000	0.20000	0.50000	0.02000	1000.00000	1.00000	0.00000
3200.00000	16.00000	20000.00000	0.31623	1.00000	0.00005	0.00000	1.50000	0.30000	0.50000	0.02000	1000.00000	0.88700	0.02573
3200.00000	16.00000	20000.00000	0.31623	1.00000	0.00005	0.00000	1.50000	0.40000	0.50000	0.02000	1000.00000	0.58400	0.04006
3200.00000	16.00000	20000.00000	0.31623	1.00000	0.00005	0.00000	1.50000	0.50000	0.50000	0.02000	1000.00000	0.37100	0.03926
3200.00000	16.00000	20000.00000	0.31623	1.00000	0.00005	0.00000	1.50000	0.60000	0.50000	0.02000	1000.00000	0.27200	0.03616
3200.00000	16.00000	20000.00000	0.31623	1.00000	0.00005	0.00000	1.50000	0.70000	0.50000	0.02000	1000.00000	0.21500	0.03339
3200.00000	16.00000	20000.00000	0.31623	1.00000	0.00005	0.00000	1.50000	0.80000	0.50000	0.02000	1000.00000	0.16900	0.03046
3200.00000	16.00000	20000.00000	0.31623	1.00000	0.00005	0.00000	1.50000	0.90000	0.50000	0.02000	1000.00000	0.17000	0.03053
3200.00000	16.00000	20000.00000	0.31623	1.00000	0.00005	0.00000	1.50000	1.00000	0.50000	0.02000	1000.00000	0.13100	0.02742
3200.00000	16.00000	20000.00000	0.31623	0.00000	0.00005	0.00000	1.50000	0.01000	0.50000	0.02000	1000.00000	1.00000	0.00000
3200.00000	16.00000	20000.00000	0.31623	0.00000	0.00005	0.00000	1.50000	0.10000	0.50000	0.02000	1000.00000	0.99800	0.00363
3200.00000	16.00000	20000.00000	0.31623	0.00000	0.00005	0.00000	1.50000	0.20000	0.50000	0.02000	1000.00000	0.87400	0.02697
3200.00000	16.00000	20000.00000	0.31623	0.00000	0.00005	0.00000	1.50000	0.30000	0.50000	0.02000	1000.00000	0.69800	0.03731
3200.00000	16.00000	20000.00000	0.31623	0.00000	0.00005	0.00000	1.50000	0.40000	0.50000	0.02000	1000.00000	0.58500	0.04004
3200.00000	16.00000	20000.00000	0.31623	0.00000	0.00005	0.00000	1.50000	0.50000	0.50000	0.02000	1000.00000	0.51900	0.04061
3200.00000	16.00000	20000.00000	0.31623	0.00000	0.00005	0.00000	1.50000	0.60000	0.50000	0.02000	1000.00000	0.47600	0.04059
3200.00000	16.00000	20000.00000	0.31623	0.00000	0.00005	0.00000	1.50000	0.70000	0.50000	0.02000	1000.00000	0.41800	0.04009
3200.00000	16.00000	20000.00000	0.31623	0.00000	0.00005	0.00000	1.50000	0.80000	0.50000	0.02000	1000.00000	0.39400	0.03971
3200.00000	16.00000	20000.00000	0.31623	0.00000	0.00005	0.00000	1.50000	0.90000	0.50000	0.02000	1000.00000	0.34700	0.03869
3200.00000	16.00000	20000.00000	0.31623	0.00000	0.00005	0.00000	1.50000	1.00000	0.50000	0.02000	1000.00000	0.35600	0.03891
3200.00000	16.00000	20000.00000	0.46416	1.00000	0.00005	0.00000	1.50000	0.01000	0.50000	0.02000	1000.00000	1.00000	0.00000
3200.00000	16.00000	20000.00000	0.46416	1.00000	0.00005	0.00000	1.50000	0.10000	0.50000	0.02000	1000.00000	1.00000	0.00000
3200.00000	16.00000	20000.00000	0.46416	1.00000	0.00005	0.00000	1.50000	0.20000	0.50000	0.02000	1000.00000	1.00000	0.00000
3200.00000	16.00000	20000.00000	0.46416	1.00000	0.00005	0.00000	1.50000	0.30000	0.50000	0.02000	1000.00000	1.00000	0.00000
3200.00000	16.00000	20000.00000	0.46416	1.00000	0.00005	0.00000	1.50000	0.40000	0.50000	0.02000	1000.00000	0.93200	0.02046
3200.00000	16.00000	20000.00000	0.46416	1.00000	0.00005	0.00000	1.50000	0.50000	0.50000	0.02000	1000.00000	0.59500	0.03990
3200.00000	16.00000	20000.00000	0.46416	1.00000	0.00005	0.00000	1.50000	0.60000	0.50000	0.02000	1000.00000	0.36300	0.03908
3200.00000	16.00000	20000.00000	0.46416	1.00000	0.00005	0.00000	1.50000	0.70000	0.50000	0.02000	1000.00000	0.24600	0.03500
3200.00000	16.00000	20000.00000	0.46416	1.00000	0.00005	0.00000	1.50000	0.80000	0.50000	0.02000	1000.00000	0.15700	0.02957
3200.00000	16.00000	20000.00000	0.46416	1.00000	0.00005	0.00000	1.50000	0.90000	0.50000	0.02000	1000.00000	0.13000	0.02733
3200.00000	16.00000	20000.00000	0.46416	1.00000	0.00005	0.00000	1.50000	1.00000	0.50000	0.02000	1000.00000	0.10500	0.02491
3200.00000	16.00000	20000.00000	0.46416	0.00000	0.00005	0.00000	1.50000	0.01000	0.50000	0.02000	1000.00000	1.00000	0.00000
3200.00000	16.00000	20000.00000	0.46416	0.00000	0.00005	0.00000	1.50000	0.10000	0.50000	0.02000	1000.00000	1.00000	0.00000
3200.00000	16.00000	20000.00000	0.46416	0.00000	0.00005	0.00000	1.50000	0.20000	0.50000	0.02000	1000.00000	0.95700	0.01649
3200.00000	16.00000	20000.00000	0.46416	0.00000	0.00005	0.00000	1.50000	0.30000	0.50000	0.02000	1000.00000	0.77800	0.03378
3200.00000	16.00000	20000.00000	0.46416	0.00000	0.00005	0.00000	1.50000	0.40000	0.50000	0.02000	1000.00000	0.64100	0.03899
3200.00000	16.00000	20000.00000	0.46416	0.00000	0.00005	0.00000	1.50000	0.50000	0.50000	0.02000	1000.00000	0.56800	0.04026
3200.00000	16.00000	20000.00000	0.46416	0.00000	0.00005	0.00000	1.50000	0.60000	0.50000	0.02000	1000.00000	0.50000	0.04064
3200.00000	16.00000	20000.00000	0.46416	0.00000	0.00005	0.00000	1.50000	0.70000	0.50000	0.02000	1000.00000	0.43200	0.04026
3200.00000	16.00000	20000.00000	0.46416	0.00000	0.00005	0.00000	1.50000	0.80000	0.50000	0.02000	1000.00000	0.40500	0.03990
3200.00000	16.00000	20000.00000	0.46416	0.00000	0.00005	0.00000	1.50000	0.90000	0.50000	0.02000	1000.00000	0.37100	0.03926
3200.00000	16.00000	20000.00000	0.46416	0.00000	0.00005	0.00000	1.50000	1.00000	0.50000	0.02000	1000.00000	0.35000	0.03876
3200.00000	16.00000	20000.00000	0.68129	1.00000	0.00005	0.00000	1.50000	0.01000	0.50000	0.02000	1000.00000	1.00000	0.00000
3200.00000	16.00000	20000.00000	0.68129	1.00000	0.00005	0.00000	1.50000	0.10000	0.50000	0.02000	1000.00000	1.00000	0.00000
3200.00000	16.00000	20000.00000	0.68129	1.00000	0.00005	0.00000	1.50000	0.20000	0.50000	0.02000	1000.00000	1.00000	0.00000
3200.00000	16.00000	20000.00000	0.68129	1.00000	0.00005	0.00000	1.50000	0.30000	0.50000	0.02000	1000.00000	1.00000	0.00000
3200.00000	16.00000	20000.00000	0.68129	1.00000	0.00005	0.00000	1.50000	0.40000	0.50000	0.02000	1000.00000	1.00000	0.00000
3200.00000	16.00000	20000.00000	0.68129	1.00000	0.00005	0.00000	1.50000	0.50000	0.50000	0.02000	1000.00000	0.99500	0.00573
3200.00000	16.00000	20000.00000	0.68129	1.00000	0.00005	0.00000	1.50000	0.60000	0.50000	0.02000	1000.00000	0.82100	0.03116
3200.00000	16.00000	20000.00000	0.68129	1.00000	0.00005	0.00000	1.50000	0.70000	0.50000	0.02000	1000.00000	0.44900	0.04042
3200.00000	16.00000	20000.00000	0.68129	1.00000	0.00005	0.00000	1.50000	0.80000	0.50000	0.02000	1000.00000	0.23500	0.03446
3200.00000	16.00000	20000.00000	0.68129	1.00000	0.00005	0.00000	1.50000	0.90000	0.50000	0.02000	1000.00000	0.14100	0.02828
3200.00000	16.00000	20000.00000	0.68129	1.00000	0.00005	0.00000	1.50000	1.00000	0.50000	0.02000	1000.00000	0.11600	0.02602
3200.00000	16.00000	20000.00000	0.68129	0.00000	0.00005	0.00000	1.50000	0.01000	0.50000	0.02000	1000.00000	1.00000	0.00000
3200.00000	16.00000	20000.00000	0.68129	0.00000	0.00005	0.00000	1.50000	0.10000	0.50000	0.02000	1000.00000	1.00000	0.00000
3200.00000	16.00000	20000.00000	0.68129	0.00000	0.00005	0.00000	1.50000	0.20000	0.50000	0.02000	1000.00000	0.99600	0.00513
3200.00000	16.00000	20000.00000	0.68129	0.00000	0.00005	0.00000	1.50000	0.30000	0.50000	0.02000	1000.00000	0.88900	0.02553
3200.00000	16.00000	20000.00000	0.68129	0.00000	0.00005	0.00000	1.50000	0.40000	0.50000	0.02000	1000.00000	0.72300	0.03637
3200.00000	16.00000	20000.00000	0.68129	0.00000	0.00005	0.00000	1.50000	0.50000	0.50000	0.02000	1000.00000	0.61500	0.03955
3200.00000	16.00000	20000.00000	0.68129	0.00000	0.00005	0.00000	1.50000	0.60000	0.50000	0.02000	1000.00000	0.53500	0.04054
3200.00000	16.00000	20000.00000	0.68129	0.00000	0.00005	0.00000	1.50000	0.70000	0.50000	0.02000	1000.00000	0.46200	0.04052
3200.00000	16.00000	20000.00000	0.68129	0.00000	0.00005	0.00000	1.50000	0.80000	0.50000	0.02000	1000.00000	0.43900	0.04033
3200.00000	16.00000	20000.00000	0.68129	0.00000	0.00005	0.00000	1.50000	0.90000	0.50000	0.02000	1000.00000	0.38100	0.03947
3200.00000	16.00000	20000.00000	0.68129	0.00000	0.00005	0.00000	1.50000	1.00000	0.50000	0.02000	1000.00000	0.34200	0.03855
3200.00000	16.00000	20000.00000	1.00000	1.00000	0.00005	0.00000	1.50000	0.01000	0.50000	0.02000	1000.00000	1.00000	0.00000
3200.00000	16.00000	20000.00000	1.00000	1.00000	0.00005	0.00000	1.50000	0.10000	0.50000	0.02000	1000.00000	1.00000	0.00000
3200.00000	16.00000	20000.00000	1.00000	1.00000	0.00005	0.00000	1.50000	0.20000	0.50000	0.02000	1000.00000	1.00000	0.00000
3200.00000	16.00000	20000.00000	1.00000	1.00000	0.00005	0.00000	1.50000	0.30000	0.50000	0.02000	1000.00000	1.00000	0.00000
3200.00000	16.00000	20000.00000	1.00000	1.00000	0.00005	0.00000	1.50000	0.40000	0.50000	0.02000	1000.00000	1.00000	0.00000
3200.00000	16.00000	20000.00000	1.00000	1.00000	0.00005	0.00000	1.50000	0.50000	0.50000	0.02000	1000.00000	1.00000	0.00000
3200.00000	16.00000	20000.00000	1.00000	1.00000	0.00005	0.00000	1.50000	0.60000	0.50000	0.02000	1000.00000	1.00000	0.00000
3200.00000	16.00000	20000.00000	1.00000	1.00000	0.00005	0.00000	1.50000	0.70000	0.50000	0.02000	1000.00000	1.00000	0.00000
3200.00000	16.00000	20000.00000	1.00000	1.00000	0.00005	0.00000	1.50000	0.80000	0.50000	0.02000	1000.00000	0.97200	0.01341
3200.00000	16.00000	20000.00000	1.00000	1.00000	0.00005	0.00000	1.50000	0.90000	0.50000	0.02000	1000.00000	0.52900	0.04057
3200.00000	16.00000	20000.00000	1.00000	1.00000	0.00005	0.00000	1.50000	1.00000	0.50000	0.02000	1000.00000	0.10300	0.02470
3200.00000	16.00000	20000.00000	1.00000	0.00000	0.00005	0.00000	1.50000	0.01000	0.50000	0.02000	1000.00000	1.00000	0.00000
3200.00000	16.00000	20000.00000	1.00000	0.00000	0.00005	0.00000	1.50000	0.10000	0.50000	0.02000	1000.00000	1.00000	0.00000
3200.00000	16.00000	20000.00000	1.00000	0.00000	0.00005	0.00000	1.50000	0.20000	0.50000	0.02000	1000.00000	1.00000	0.00000
3200.00000	16.00000	20000.00000	1.00000	0.00000	0.00005	0.00000	1.50000	0.30000	0.50000	0.02000	1000.00000	0.96800	0.01430
3200.00000	16.00000	20000.00000	1.00000	0.00000	0.00005	0.00000	1.50000	0.40000	0.50000	0.02000	1000.00000	0.84300	0.02957
3200.00000	16.00000	20000.00000	1.00000	0.00000	0.00005	0.00000	1.50000	0.50000	0.50000	0.02000	1000.00000	0.71800	0.03657
3200.00000	16.00000	20000.00000	1.00000	0.00000	0.00005	0.00000	1.50000	0.60000	0.50000	0.02000	1000.00000	0.53300	0.04055
3200.00000	16.00000	20000.00000	1.00000	0.00000	0.00005	0.00000	1.50000	0.70000	0.50000	0.02000	1000.00000	0.50300	0.04063
3200.00000	16.00000	20000.00000	1.00000	0.00000	0.00005	0.00000	1.50000	0.80000	0.50000	0.02000	1000.00000	0.41100	0.03999
3200.00000	16.00000	20000.00000	1.00000	0.00000	0.00005	0.00000	1.50000	0.90000	0.50000	0.02000	1000.00000	0.40800	0.03994
3200.00000	16.00000	20000.00000	1.00000	0.00000	0.00005	0.00000	1.50000	1.00000	0.50000	0.02000	1000.00000	0.35500	0.03889
3200.00000	16.00000	20000.00000	0.00010	1.00000	0.00005	0.00000	1.50000	0.01000	0.50000	0.02000	1000.00000	0.88300	0.02612
3200.00000	16.00000	20000.00000	0.00010	1.00000	0.00005	0.00000	1.50000	0.10000	0.50000	0.02000	1000.00000	0.31100	0.03762
3200.00000	16.00000	20000.00000	0.00010	1.00000	0.00005	0.00000	1.50000	0.20000	0.50000	0.02000	1000.00000	0.18400	0.03149
3200.00000	16.00000	20000.00000	0.00010	1.00000	0.00005	0.00000	1.50000	0.30000	0.50000	0.02000	1000.00000	0.15800	0.02964
3200.00000	16.00000	20000.00000	0.00010	1.00000	0.00005	0.00000	1.50000	0.40000	0.50000	0.02000	1000.00000	0.13600	0.02786
3200.00000	16.00000	20000.00000	0.00010	1.00000	0.00005	0.00000	1.50000	0.50000	0.50000	0.02000	1000.00000	0.11900	0.02631
3200.00000	16.00000	20000.00000	0.00010	1.00000	0.00005	0.00000	1.50000	0.60000	0.50000	0.02000	1000.00000	0.12100	0.02650
3200.00000	16.00000	20000.00000	0.00010	1.00000	0.00005	0.00000	1.50000	0.70000	0.50000	0.02000	1000.00000	0.08400	0.02254
3200.00000	16.00000	20000.00000	0.00010	1.00000	0.00005	0.00000	1.50000	0.80000	0.50000	0.02000	1000.00000	0.09100	0.02337
3200.00000	16.00000	20000.00000	0.00010	1.00000	0.00005	0.00000	1.50000	0.90000	0.50000	0.02000	1000.00000	0.07700	0.02167
3200.00000	16.00000	20000.00000	0.00010	1.00000	0.00005	0.00000	1.50000	1.00000	0.50000	0.02000	1000.00000	0.07600	0.02154
3200.00000	16.00000	20000.00000	0.00010	0.00000	0.00005	0.00000	1.50000	0.01000	0.50000	0.02000	1000.00000	0.84700	0.02926
3200.00000	16.00000	20000.00000	0.00010	0.00000	0.00005	0.00000	1.50000	0.10000	0.50000	0.02000	1000.00000	0.30300	0.03735
3200.00000	16.00000	20000.00000	0.00010	0.00000	0.00005	0.00000	1.50000	0.20000	0.50000	0.02000	1000.00000	0.19000	0.03188
3200.00000	16.00000	20000.00000	0.00010	0.00000	0.00005	0.00000	1.50000	0.30000	0.50000	0.02000	1000.00000	0.13900	0.02812
3200.00000	16.00000	20000.00000	0.00010	0.00000	0.00005	0.00000	1.50000	0.40000	0.50000	0.02000	1000.00000	0.13400	0.02768
3200.00000	16.00000	20000.00000	0.00010	0.00000	0.00005	0.00000	1.50000	0.50000	0.50000	0.02000	1000.00000	0.10000	0.02438
3200.00000	16.00000	20000.00000	0.00010	0.00000	0.00005	0.00000	1.50000	0.60000	0.50000	0.02000	1000.00000	0.11000	0.02543
3200.00000	16.00000	20000.00000	0.00010	0.00000	0.00005	0.00000	1.50000	0.70000	0.50000	0.02000	1000.00000	0.09700	0.02405
3200.00000	16.00000	20000.00000	0.00010	0.00000	0.00005	0.00000	1.50000	0.80000	0.50000	0.02000	1000.00000	0.07100	0.02087
3200.00000	16.00000	20000.00000	0.00010	0.00000	0.00005	0.00000	1.50000	0.90000	0.50000	0.02000	1000.00000	0.09000	0.02326
3200.00000	16.00000	20000.00000	0.00010	0.00000	0.00005	0.00000	1.50000	1.00000	0.50000	0.02000	1000.00000	0.07000	0.02074
3200.00000	16.00000	20000.00000	0.00015	1.00000	0.00005	0.00000	1.50000	0.01000	0.50000	0.02000	1000.00000	0.87800	0.02660
3200.00000	16.00000	20000.00000	0.00015	1.00000	0.00005	0.00000	1.50000	0.10000	0.50000	0.02000	1000.00000	0.35300	0.03884
3200.00000	16.00000	20000.00000	0.00015	1.00000	0.00005	0.00000	1.50000	0.20000	0.50000	0.02000	1000.00000	0.20300	0.03269
3200.00000	16.00000	20000.00000	0.00015	1.00000	0.00005	0.00000	1.50000	0.30000	0.50000	0.02000	1000.00000	0.15600	0.02949
3200.00000	16.00000	20000.00000	0.00015	1.00000	0.00005	0.00000	1.50000	0.40000	0.50000	0.02000	1000.00000	0.14700	0.02878
3200.00000	16.00000	20000.00000	0.00015	1.00000	0.00005	0.00000	1.50000	0.50000	0.50000	0.02000	1000.00000	0.12200	0.02660
3200.00000	16.00000	20000.00000	0.00015	1.00000	0.00005	0.00000	1.50000	0.60000	0.50000	0.02000	1000.00000	0.12200	0.02660
3200.00000	16.00000	20000.00000	0.00015	1.00000	0.00005	0.00000	1.50000	0.70000	0.50000	0.02000	1000.00000	0.11000	0.02543
3200.00000	16.00000	20000.00000	0.00015	1.00000	0.00005	0.00000	1.50000	0.80000	0.50000	0.02000	1000.00000	0.09400	0.02372
3200.00000	16.00000	20000.00000	0.00015	1.00000	0.00005	0.00000	1.50000	0.90000	0.50000	0.02000	1000.00000	0.08300	0.02242
3200.00000	16.00000	20000.00000	0.00015	1.00000	0.00005	0.00000	1.50000	1.00000	0.50000	0.02000	1000.00000	0.08300	0.02242
3200.00000	16.00000	20000.00000	0.00015	0.00000	0.00005	0.00000	1.50000	0.01000	0.50000	0.02000	1000.00000	0.86800	0.02751
3200.00000	16.00000	20000.00000	0.00015	0.00000	0.00005	0.00000	1.50000	0.10000	0.50000	0.02000	1000.00000	0.32800	0.03816
3200.00000	16.00000	20000.00000	0.00015	0.00000	0.00005	0.00000	1.50000	0.20000	0.50000	0.02000	1000.00000	0.20200	0.03263
3200.00000	16.00000	20000.00000	0.00015	0.00000	0.00005	0.00000	1.50000	0.30000	0.50000	0.02000	1000.00000	0.15300	0.02926
3200.00000	16.00000	20000.00000	0.00015	0.00000	0.00005	0.00000	1.50000	0.40000	0.50000	0.02000	1000.00000	0.13500	0.02777
3200.00000	16.00000	20000.00000	0.00015	0.00000	0.00005	0.00000	1.50000	0.50000	0.50000	0.02000	1000.00000	0.11900	0.02631
3200.00000	16.00000	20000.00000	0.00015	0.00000	0.00005	0.00000	1.50000	0.60000	0.50000	0.02000	1000.00000	0.08200	0.02230
3200.00000	16.00000	20000.00000	0.00015	0.00000	0.00005	0.00000	1.50000	0.70000	0.50000	0.02000	1000.00000	0.08900	0.02314
3200.00000	16.00000	20000.00000	0.00015	0.00000	0.00005	0.00000	1.50000	0.80000	0.50000	0.02000	1000.00000	0.08300	0.02242
3200.00000	16.00000	20000.00000	0.00015	0.00000	0.00005	0.00000	1.50000	0.90000	0.50000	0.02000	1000.00000	0.07900	0.02192
3200.00000	16.00000	20000.00000	0.00015	0.00000	0.00005	0.00000	1.50000	1.00000	0.50000	0.02000	1000.00000	0.08500	0.02266
3200.00000	16.00000	20000.00000	0.00022	1.00000	0.00005	0.00000	1.50000	0.01000	0.50000	0.02000	1000.00000	0.90500	0.02383
3200.00000	16.00000	20000.00000	0.00022	1.00000	0.00005	0.00000	1.50000	0.10000	0.50000	0.02000	1000.00000	0.36300	0.03908
3200.00000	16.00000	20000.00000	0.00022	1.00000	0.00005	0.00000	1.50000	0.20000	0.50000	0.02000	1000.00000	0.23300	0.03436
3200.00000	16.00000	20000.00000	0.00022	1.00000	0.00005	0.00000	1.50000	0.30000	0.50000	0.02000	1000.00000	0.15300	0.02926
3200.00000	16.00000	20000.00000	0.00022	1.00000	0.00005	0.00000	1.50000	0.40000	0.50000	0.02000	1000.00000	0.16200	0.02994
3200.00000	16.00000	20000.00000	0.00022	1.00000	0.00005	0.00000	1.50000	0.50000	0.50000	0.02000	1000.00000	0.11300	0.02573
3200.00000	16.00000	20000.00000	0.00022	1.00000	0.00005	0.00000	1.50000	0.60000	0.50000	0.02000	1000.00000	0.09900	0.02427
3200.00000	16.00000	20000.00000	0.00022	1.00000	0.00005	0.00000	1.50000	0.70000	0.50000	0.02000	1000.00000	0.09900	0.02427
3200.00000	16.00000	20000.00000	0.00022	1.00000	0.00005	0.00000	1.50000	0.80000	0.50000	0.02000	1000.00000	0.09300	0.02360
3200.00000	16.00000	20000.00000	0.00022	1.00000	0.00005	0.00000	1.50000	0.90000	0.50000	0.02000	1000.00000	0.08200	0.02230
3200.00000	16.00000	20000.00000	0.00022	1.00000	0.00005	0.00000	1.50000	1.00000	0.50000	0.02000	1000.00000	0.07300	0.02114
3200.00000	16.00000	20000.00000	0.00022	0.00000	0.00005	0.00000	1.50000	0.01000	0.50000	0.02000	1000.00000	0.86200	0.02803
3200.00000	16.00000	20000.00000	0.00022	0.00000	0.00005	0.00000	1.50000	0.10000	0.50000	0.02000	1000.00000	0.31200	0.03765
3200.00000	16.00000	20000.00000	0.00022	0.00000	0.00005	0.00000	1.50000	0.20000	0.50000	0.02000	1000.00000	0.20700	0.03293
3200.00000	16.00000	20000.00000	0.00022	0.00000	0.00005	0.00000	1.50000	0.30000	0.50000	0.02000	1000.00000	0.18000	0.03122
3200.00000	16.00000	20000.00000	0.00022	0.00000	0.00005	0.00000	1.50000	0.40000	0.50000	0.02000	1000.00000	0.13000	0.02733
3200.00000	16.00000	20000.00000	0.00022	0.00000	0.00005	0.00000	1.50000	0.50000	0.50000	0.02000	1000.00000	0.12000	0.02641
3200.00000	16.00000	20000.00000	0.00022	0.00000	0.00005	0.00000	1.50000	0.60000	0.50000	0.02000	1000.00000	0.10200	0.02460
3200.00000	16.00000	20000.00000	0.00022	0.00000	0.00005	0.00000	1.50000	0.70000	0.50000	0.02000	1000.00000	0.08300	0.02242
3200.00000	16.00000	20000.00000	0.00022	0.00000	0.00005	0.00000	1.50000	0.80000	0.50000	0.02000	1000.00000	0.08500	0.02266
3200.00000	16.00000	20000.00000	0.00022	0.00000	0.00005	0.00000	1.50000	0.90000	0.50000	0.02000	1000.00000	0.08600	0.02279
3200.00000	16.00000	20000.00000	0.00022	0.00000	0.00005	0.00000	1.50000	1.00000	0.50000	0.02000	1000.00000	0.06200	0.01960
3200.00000	16.00000	20000.00000	0.00032	1.00000	0.00005	0.00000	1.50000	0.01000	0.50000	0.02000	1000.00000	0.93000	0.02074
3200.00000	16.00000	20000.00000	0.00032	1.00000	0.00005	0.00000	1.50000	0.10000	0.50000	0.02000	1000.00000	0.38100	0.03947
3200.00000	16.00000	20000.00000	0.00032	1.00000	0.00005	0.00000	1.50000	0.20000	0.50000	0.02000	1000.00000	0.23500	0.03446
3200.00000	16.00000	20000.00000	0.00032	1.00000	0.00005	0.00000	1.50000	0.30000	0.50000	0.02000	1000.00000	0.18400	0.03149
3200.00000	16.00000	20000.00000	0.00032	1.00000	0.00005	0.00000	1.50000	0.40000	0.50000	0.02000	1000.00000	0.14100	0.02828
3200.00000	16.00000	20000.00000	0.00032	1.00000	0.00005	0.00000	1.50000	0.50000	0.50000	0.02000	1000.00000	0.12200	0.02660
3200.00000	16.00000	20000.00000	0.00032	1.00000	0.00005	0.00000	1.50000	0.60000	0.50000	0.02000	1000.00000	0.10300	0.02470
3200.00000	16.00000	20000.00000	0.00032	1.00000	0.00005	0.00000	1.50000	0.70000	0.50000	0.02000	1000.00000	0.09700	0.02405
3200.00000	16.00000	20000.00000	0.00032	1.00000	0.00005	0.00000	1.50000	0.80000	0.50000	0.02000	1000.00000	0.08900	0.02314
3200.00000	16.00000	20000.00000	0.00032	1.00000	0.00005	0.00000	1.50000	0.90000	0.50000	0.02000	1000.00000	0.09500	0.02383
3200.00000	16.00000	20000.00000	0.00032	1.00000	0.00005	0.00000	1.50000	1.00000	0.50000	0.02000	1000.00000	0.09900	0.02427
3200.00000	16.00000	20000.00000	0.00032	0.00000	0.00005	0.00000	1.50000	0.01000	0.50000	0.02000	1000.00000	0.85600	0.02853
3200.00000	16.00000	20000.00000	0.00032	0.00000	0.00005	0.00000	1.50000	0.10000	0.50000	0.02000	1000.00000	0.33100	0.03824
3200.00000	16.00000	20000.00000	0.00032	0.00000	0.00005	0.00000	1.50000	0.20000	0.50000	0.02000	1000.00000	0.23100	0.03425
3200.00000	16.00000	20000.00000	0.00032	0.00000	0.00005	0.00000	1.50000	0.30000	0.50000	0.02000	1000.00000	0.12300	0.02669
3200.00000	16.00000	20000.00000	0.00032	0.00000	0.00005	0.00000	1.50000	0.40000	0.50000	0.02000	1000.00000	0.09900	0.02427
3200.00000	16.00000	20000.00000	0.00032	0.00000	0.00005	0.00000	1.50000	0.50000	0.50000	0.02000	1000.00000	0.12500	0.02688
3200.00000	16.00000	20000.00000	0.00032	0.00000	0.00005	0.00000	1.50000	0.60000	0.50000	0.02000	1000.00000	0.09400	0.02372
3200.00000	16.00000	20000.00000	0.00032	0.00000	0.00005	0.00000	1.50000	0.70000	0.50000	0.02000	1000.00000	0.08200	0.02230
3200.00000	16.00000	20000.00000	0.00032	0.00000	0.00005	0.00000	1.50000	0.80000	0.50000	0.02000	1000.00000	0.07700	0.02167
3200.00000	16.00000	20000.00000	0.00032	0.00000	0.00005	0.00000	1.50000	0.90000	0.50000	0.02000	1000.00000	0.08300	0.02242
3200.00000	16.00000	20000.00000	0.00032	0.00000	0.00005	0.00000	1.50000	1.00000	0.50000	0.02000	1000.00000	0.07100	0.02087
3200.00000	16.00000	20000.00000	0.00046	1.00000	0.00005	0.00000	1.50000	0.01000	0.50000	0.02000	1000.00000	0.94000	0.01930
3200.00000	16.00000	20000.00000	0.00046	1.00000	0.00005	0.00000	1.50000	0.10000	0.50000	0.02000	1000.00000	0.36000	0.03901
3200.00000	16.00000	20000.00000	0.00046	1.00000	0.00005	0.00000	1.50000	0.20000	0.50000	0.02000	1000.00000	0.24800	0.03510
3200.00000	16.00000	20000.00000	0.00046	1.00000	0.00005	0.00000	1.50000	0.30000	0.50000	0.02000	1000.00000	0.20400	0.03275
3200.00000	16.00000	20000.00000	0.00046	1.00000	0.00005	0.00000	1.50000	0.40000	0.50000	0.02000	1000.00000	0.14800	0.02886
3200.00000	16.00000	20000.00000	0.00046	1.00000	0.00005	0.00000	1.50000	0.50000	0.50000	0.02000	1000.00000	0.12100	0.02650
3200.00000	16.00000	20000.00000	0.00046	1.00000	0.00005	0.00000	1.50000	0.60000	0.50000	0.02000	1000.00000	0.12200	0.02660
3200.00000	16.00000	20000.00000	0.00046	1.00000	0.00005	0.00000	1.50000	0.70000	0.50000	0.02000	1000.00000	0.11500	0.02593
3200.00000	16.00000	20000.00000	0.00046	1.00000	0.00005	0.00000	1.50000	0.80000	0.50000	0.02000	1000.00000	0.10300	0.02470
3200.00000	16.00000	20000.00000	0.00046	1.00000	0.00005	0.00000	1.50000	0.90000	0.50000	0.02000	1000.00000	0.09000	0.02326
3200.00000	16.00000	20000.00000	0.00046	1.00000	0.00005	0.00000	1.50000	1.00000	0.50000	0.02000	1000.00000	0.09400	0.02372
3200.00000	16.00000	20000.00000	0.00046	0.00000	0.00005	0.00000	1.50000	0.01000	0.50000	0.02000	1000.00000	0.87200	0.02715
3200.00000	16.00000	20000.00000	0.00046	0.00000	0.00005	0.00000	1.50000	0.10000	0.50000	0.02000	1000.00000	0.33700	0.03842
3200.00000	16.00000	20000.00000	0.00046	0.00000	0.00005	0.00000	1.50000	0.20000	0.50000	0.02000	1000.00000	0.22200	0.03378
3200.00000	16.00000	20000.00000	0.00046	0.00000	0.00005	0.00000	1.50000	0.30000	0.50000	0.02000	1000.00000	0.15300	0.02926
3200.00000	16.00000	20000.00000	0.00046	0.00000	0.00005	0.00000	1.50000	0.40000	0.50000	0.02000	1000.00000	0.12600	0.02697
3200.00000	16.00000	20000.00000	0.00046	0.00000	0.00005	0.00000	1.50000	0.50000	0.50000	0.02000	1000.00000	0.11700	0.02612
3200.00000	16.00000	20000.00000	0.00046	0.00000	0.00005	0.00000	1.50000	0.60000	0.50000	0.02000	1000.00000	0.09600	0.02394
3200.00000	16.00000	20000.00000	0.00046	0.00000	0.00005	0.00000	1.50000	0.70000	0.50000	0.02000	1000.00000	0.09800	0.02416
3200.00000	16.00000	20000.00000	0.00046	0.00000	0.00005	0.00000	1.50000	0.80000	0.50000	0.02000	1000.00000	0.09100	0.02337
3200.00000	16.00000	20000.00000	0.00046	0.00000	0.00005	0.00000	1.50000	0.90000	0.50000	0.02000	1000.00000	0.09900	0.02427
3200.00000	16.00000	20000.00000	0.00046	0.00000	0.00005	0.00000	1.50000	1.00000	0.50000	0.02000	1000.00000	0.07300	0.02114
3200.00000	16.00000	20000.00000	0.00068	1.00000	0.00005	0.00000	1.50000	0.01000	0.50000	0.02000	1000.00000	0.96500	0.01494
3200.00000	16.00000	20000.00000	0.00068	1.00000	0.00005	0.00000	1.50000	0.10000	0.50000	0.02000	1000.00000	0.40000	0.03981
3200.00000	16.00000	20000.00000	0.00068	1.00000	0.00005	0.00000	1.50000	0.20000	0.50000	0.02000	1000.00000	0.25500	0.03542
3200.00000	16.00000	20000.00000	0.00068	1.00000	0.00005	0.00000	1.50000	0.30000	0.50000	0.02000	1000.00000	0.20500	0.03281
3200.00000	16.00000	20000.00000	0.00068	1.00000	0.00005	0.00000	1.50000	0.40000	0.50000	0.02000	1000.00000	0.15000	0.02902
3200.00000	16.00000	20000.00000	0.00068	1.00000	0.00005	0.00000	1.50000	0.50000	0.50000	0.02000	1000.00000	0.14700	0.02878
3200.00000	16.00000	20000.00000	0.00068	1.00000	0.00005	0.00000	1.50000	0.60000	0.50000	0.02000	1000.00000	0.14100	0.02828
3200.00000	16.00000	20000.00000	0.00068	1.00000	0.00005	0.00000	1.50000	0.70000	0.50000	0.02000	1000.00000	0.12000	0.02641
3200.00000	16.00000	20000.00000	0.00068	1.00000	0.00005	0.00000	1.50000	0.80000	0.50000	0.02000	1000.00000	0.11400	0.02583
3200.00000	16.00000	20000.00000	0.00068	1.00000	0.00005	0.00000	1.50000	0.90000	0.50000	0.02000	1000.00000	0.11300	0.02573
3200.00000	16.00000	20000.00000	0.00068	1.00000	0.00005	0.00000	1.50000	1.00000	0.50000	0.02000	1000.00000	0.09100	0.02337
3200.00000	16.00000	20000.00000	0.00068	0.00000	0.00005	0.00000	1.50000	0.01000	0.50000	0.02000	1000.00000	0.87800	0.02660
3200.00000	16.00000	20000.00000	0.00068	0.00000	0.00005	0.00000	1.50000	0.10000	0.50000	0.02000	1000.00000	0.32700	0.03813
3200.00000	16.00000	20000.00000	0.00068	0.00000	0.00005	0.00000	1.50000	0.20000	0.50000	0.02000	1000.00000	0.22100	0.03372
3200.00000	16.00000	20000.00000	0.00068	0.00000	0.00005	0.00000	1.50000	0.30000	0.50000	0.02000	1000.00000	0.15800	0.02964
3200.00000	16.00000	20000.00000	0.00068	0.00000	0.00005	0.00000	1.50000	0.40000	0.50000	0.02000	1000.00000	0.13300	0.02760
3200.00000	16.00000	20000.00000	0.00068	0.00000	0.00005	0.00000	1.50000	0.50000	0.50000	0.02000	1000.00000	0.12200	0.02660
3200.00000	16.00000	20000.00000	0.00068	0.00000	0.00005	0.00000	1.50000	0.60000	0.50000	0.02000	1000.00000	0.10400	0.02481
3200.00000	16.00000	20000.00000	0.00068	0.00000	0.00005	0.00000	1.50000	0.70000	0.50000	0.02000	1000.00000	0.08700	0.02290
3200.00000	16.00000	20000.00000	0.00068	0.00000	0.00005	0.00000	1.50000	0.80000	0.50000	0.02000	1000.00000	0.08500	0.02266
3200.00000	16.00000	20000.00000	0.00068	0.00000	0.00005	0.00000	1.50000	0.90000	0.50000	0.02000	1000.00000	0.07200	0.02101
3200.00000	16.00000	20000.00000	0.00068	0.00000	0.00005	0.00000	1.50000	1.00000	0.50000	0.02000	1000.00000	0.09600	0.02394
3200.00000	16.00000	20000.00000	0.00100	1.00000	0.00005	0.00000	1.50000	0.01000	0.50000	0.02000	1000.00000	0.97600	0.01244
3200.00000	16.00000	20000.00000	0.00100	1.00000	0.00005	0.00000	1.50000	0.10000	0.50000	0.02000	1000.00000	0.45100	0.04044
3200.00000	16.00000	20000.00000	0.00100	1.00000	0.00005	0.00000	1.50000	0.20000	0.50000	0.02000	1000.00000	0.27100	0.03612
3200.00000	16.00000	20000.00000	0.00100	1.00000	0.00005	0.00000	1.50000	0.30000	0.50000	0.02000	1000.00000	0.21700	0.03350
3200.00000	16.00000	20000.00000	0.00100	1.00000	0.00005	0.00000	1.50000	0.40000	0.50000	0.02000	1000.00000	0.18800	0.03175
3200.00000	16.00000	20000.00000	0.00100	1.00000	0.00005	0.00000	1.50000	0.50000	0.50000	0.02000	1000.00000	0.14800	0.02886
3200.00000	16.00000	20000.00000	0.00100	1.00000	0.00005	0.00000	1.50000	0.60000	0.50000	0.02000	1000.00000	0.14100	0.02828
3200.00000	16.00000	20000.00000	0.00100	1.00000	0.00005	0.00000	1.50000	0.70000	0.50000	0.02000	1000.00000	0.12400	0.02679
3200.00000	16.00000	20000.00000	0.00100	1.00000	0.00005	0.00000	1.50000	0.80000	0.50000	0.02000	1000.00000	0.13800	0.02803
3200.00000	16.00000	20000.00000	0.00100	1.00000	0.00005	0.00000	1.50000	0.90000	0.50000	0.02000	1000.00000	0.10900	0.02533
3200.00000	16.00000	20000.00000	0.00100	1.00000	0.00005	0.00000	1.50000	1.00000	0.50000	0.02000	1000.00000	0.09800	0.02416
3200.00000	16.00000	20000.00000	0.00100	0.00000	0.00005	0.00000	1.50000	0.01000	0.50000	0.02000	1000.00000	0.88900	0.02553
3200.00000	16.00000	20000.00000	0.00100	0.00000	0.00005	0.00000	1.50000	0.10000	0.50000	0.02000	1000.00000	0.37000	0.03924
3200.00000	16.00000	20000.00000	0.00100	0.00000	0.00005	0.00000	1.50000	0.20000	0.50000	0.02000	1000.00000	0.22200	0.03378
3200.00000	16.00000	20000.00000	0.00100	0.00000	0.00005	0.00000	1.50000	0.30000	0.50000	0.02000	1000.00000	0.17100	0.03060
3200.00000	16.00000	20000.00000	0.00100	0.00000	0.00005	0.00000	1.50000	0.40000	0.50000	0.02000	1000.00000	0.14500	0.02862
3200.00000	16.00000	20000.00000	0.00100	0.00000	0.00005	0.00000	1.50000	0.50000	0.50000	0.02000	1000.00000	0.13200	0.02751
3200.00000	16.00000	20000.00000	0.00100	0.00000	0.00005	0.00000	1.50000	0.60000	0.50000	0.02000	1000.00000	0.11300	0.02573
3200.00000	16.00000	20000.00000	0.00100	0.00000	0.00005	0.00000	1.50000	0.70000	0.50000	0.02000	1000.00000	0.08500	0.02266
3200.00000	16.00000	20000.00000	0.00100	0.00000	0.00005	0.00000	1.50000	0.80000	0.50000	0.02000	1000.00000	0.08800	0.02302
3200.00000	16.00000	20000.00000	0.00100	0.00000	0.00005	0.00000	1.50000	0.90000	0.50000	0.02000	1000.00000	0.07700	0.02167
3200.00000	16.00000	20000.00000	0.00100	0.00000	0.00005	0.00000	1.50000	1.00000	0.50000	0.02000	1000.00000	0.07400	0.02127
3200.00000	16.00000	20000.00000	0.00147	1.00000	0.00005	0.00000	1.50000	0.01000	0.50000	0.02000	1000.00000	0.98600	0.00955
3200.00000	16.00000	20000.00000	0.00147	1.00000	0.00005	0.00000	1.50000	0.10000	0.50000	0.02000	1000.00000	0.50100	0.04064
3200.00000	16.00000	20000.00000	0.00147	1.00000	0.00005	0.00000	1.50000	0.20000	0.50000	0.02000	1000.00000	0.32400	0.03803
3200.00000	16.00000	20000.00000	0.00147	1.00000	0.00005	0.00000	1.50000	0.30000	0.50000	0.02000	1000.00000	0.23300	0.03436
3200.00000	16.00000	20000.00000	0.00147	1.00000	0.00005	0.00000	1.50000	0.40000	0.50000	0.02000	1000.00000	0.18100	0.03129
3200.00000	16.00000	20000.00000	0.00147	1.00000	0.00005	0.00000	1.50000	0.50000	0.50000	0.02000	1000.00000	0.16300	0.03002
3200.00000	16.00000	20000.00000	0.00147	1.00000	0.00005	0.00000	1.50000	0.60000	0.50000	0.02000	1000.00000	0.15800	0.02964
3200.00000	16.00000	20000.00000	0.00147	1.00000	0.00005	0.00000	1.50000	0.70000	0.50000	0.02000	1000.00000	0.13800	0.02803
3200.00000	16.00000	20000.00000	0.00147	1.00000	0.00005	0.00000	1.50000	0.80000	0.50000	0.02000	1000.00000	0.14200	0.02837
3200.00000	16.00000	20000.00000	0.00147	1.00000	0.00005	0.00000	1.50000	0.90000	0.50000	0.02000	1000.00000	0.12200	0.02660
3200.00000	16.00000	20000.00000	0.00147	1.00000	0.00005	0.00000	1.50000	1.00000	0.50000	0.02000	1000.00000	0.11200	0.02563
3200.00000	16.00000	20000.00000	0.00147	0.00000	0.00005	0.00000	1.50000	0.01000	0.50000	0.02000	1000.00000	0.89600	0.02481
3200.00000	16.00000	20000.00000	0.00147	0.00000	0.00005	0.00000	1.50000	0.10000	0.50000	0.02000	1000.00000	0.34900	0.03874
3200.00000	16.00000	20000.00000	0.00147	0.00000	0.00005	0.00000	1.50000	0.20000	0.50000	0.02000	1000.00000	0.20400	0.03275
3200.00000	16.00000	20000.00000	0.00147	0.00000	0.00005	0.00000	1.50000	0.30000	0.50000	0.02000	1000.00000	0.15900	0.02972
3200.00000	16.00000	20000.00000	0.00147	0.00000	0.00005	0.00000	1.50000	0.40000	0.50000	0.02000	1000.00000	0.14900	0.02894
3200.00000	16.00000	20000.00000	0.00147	0.00000	0.00005	0.00000	1.50000	0.50000	0.50000	0.02000	1000.00000	0.12400	0.02679
3200.00000	16.00000	20000.00000	0.00147	0.00000	0.00005	0.00000	1.50000	0.60000	0.50000	0.02000	1000.00000	0.12300	0.02669
3200.00000	16.00000	20000.00000	0.00147	0.00000	0.00005	0.00000	1.50000	0.70000	0.50000	0.02000	1000.00000	0.10600	0.02502
3200.00000	16.00000	20000.00000	0.00147	0.00000	0.00005	0.00000	1.50000	0.80000	0.50000	0.02000	1000.00000	0.10400	0.02481
3200.00000	16.00000	20000.00000	0.00147	0.00000	0.00005	0.00000	1.50000	0.90000	0.50000	0.02000	1000.00000	0.08800	0.02302
3200.00000	16.00000	20000.00000	0.00147	0.00000	0.00005	0.00000	1.50000	1.00000	0.50000	0.02000	1000.00000	0.09400	0.02372
3200.00000	16.00000	20000.00000	0.00215	1.00000	0.00005	0.00000	1.50000	0.01000	0.50000	0.02000	1000.00000	0.99200	0.00724
3200.00000	16.00000	20000.00000	0.00215	1.00000	0.00005	0.00000	1.50000	0.10000	0.50000	0.02000	1000.00000	0.56100	0.04033
3200.00000	16.00000	20000.00000	0.00215	1.00000	0.00005	0.00000	1.50000	0.20000	0.50000	0.02000	1000.00000	0.39000	0.03964
3200.00000	16.00000	20000.00000	0.00215	1.00000	0.00005	0.00000	1.50000	0.30000	0.50000	0.02000	1000.00000	0.26700	0.03595
3200.00000	16.00000	20000.00000	0.00215	1.00000	0.00005	0.00000	1.50000	0.40000	0.50000	0.02000	1000.00000	0.22400	0.03388
3200.00000	16.00000	20000.00000	0.00215	1.00000	0.00005	0.00000	1.50000	0.50000	0.50000	0.02000	1000.00000	0.21000	0.03310
3200.00000	16.00000	20000.00000	0.00215	1.00000	0.00005	0.00000	1.50000	0.60000	0.50000	0.02000	1000.00000	0.19900	0.03245
3200.00000	16.00000	20000.00000	0.00215	1.00000	0.00005	0.00000	1.50000	0.70000	0.50000	0.02000	1000.00000	0.17200	0.03067
3200.00000	16.00000	20000.00000	0.00215	1.00000	0.00005	0.00000	1.50000	0.80000	0.50000	0.02000	1000.00000	0.16300	0.03002
3200.00000	16.00000	20000.00000	0.00215	1.00000	0.00005	0.00000	1.50000	0.90000	0.50000	0.02000	1000.00000	0.15300	0.02926
3200.00000	16.00000	20000.00000	0.00215	1.00000	0.00005	0.00000	1.50000	1.00000	0.50000	0.02000	1000.00000	0.15100	0.02910
3200.00000	16.00000	20000.00000	0.00215	0.00000	0.00005	0.00000	1.50000	0.01000	0.50000	0.02000	1000.00000	0.90300	0.02405
3200.00000	16.00000	20000.00000	0.00215	0.00000	0.00005	0.00000	1.50000	0.10000	0.50000	0.02000	1000.00000	0.37100	0.03926
3200.00000	16.00000	20000.00000	0.00215	0.00000	0.00005	0.00000	1.50000	0.20000	0.50000	0.02000	1000.00000	0.23700	0.03456
3200.00000	16.00000	20000.00000	0.00215	0.00000	0.00005	0.00000	1.50000	0.30000	0.50000	0.02000	1000.00000	0.18900	0.03182
3200.00000	16.00000	20000.00000	0.00215	0.00000	0.00005	0.00000	1.50000	0.40000	0.50000	0.02000	1000.00000	0.13400	0.02768
3200.00000	16.00000	20000.00000	0.00215	0.00000	0.00005	0.00000	1.50000	0.50000	0.50000	0.02000	1000.00000	0.12300	0.02669
3200.00000	16.00000	20000.00000	0.00215	0.00000	0.00005	0.00000	1.50000	0.60000	0.50000	0.02000	1000.00000	0.11900	0.02631
3200.00000	16.00000	20000.00000	0.00215	0.00000	0.00005	0.00000	1.50000	0.70000	0.50000	0.02000	1000.00000	0.10100	0.02449
3200.00000	16.00000	20000.00000	0.00215	0.00000	0.00005	0.00000	1.50000	0.80000	0.50000	0.02000	1000.00000	0.08600	0.02279
3200.00000	16.00000	20000.00000	0.00215	0.00000	0.00005	0.00000	1.50000	0.90000	0.50000	0.02000	1000.00000	0.09700	0.02405
3200.00000	16.00000	20000.00000	0.00215	0.00000	0.00005	0.00000	1.50000	1.00000	0.50000	0.02000	1000.00000	0.08600	0.02279
3200.00000	16.00000	20000.00000	0.00316	1.00000	0.00005	0.00000	1.50000	0.01000	0.50000	0.02000	1000.00000	1.00000	0.00000
3200.00000	16.00000	20000.00000	0.00316	1.00000	0.00005	0.00000	1.50000	0.10000	0.50000	0.02000	1000.00000	0.64700	0.03884
3200.00000	16.00000	20000.00000	0.00316	1.00000	0.00005	0.00000	1.50000	0.20000	0.50000	0.02000	1000.00000	0.45700	0.04048
3200.00000	16.00000	20000.00000	0.00316	1.00000	0.00005	0.00000	1.50000	0.30000	0.50000	0.02000	1000.00000	0.34700	0.03869
3200.00000	16.00000	20000.00000	0.00316	1.00000	0.00005	0.00000	1.50000	0.40000	0.50000	0.02000	1000.00000	0.27900	0.03645
3200.00000	16.00000	20000.00000	0.00316	1.00000	0.00005	0.00000	1.50000	0.50000	0.50000	0.02000	1000.00000	0.25000	0.03519
3200.00000	16.00000	20000.00000	0.00316	1.00000	0.00005	0.00000	1.50000	0.60000	0.50000	0.02000	1000.00000	0.21800	0.03356
3200.00000	16.00000	20000.00000	0.00316	1.00000	0.00005	0.00000	1.50000	0.70000	0.50000	0.02000	1000.00000	0.20100	0.03257
3200.00000	16.00000	20000.00000	0.00316	1.00000	0.00005	0.00000	1.50000	0.80000	0.50000	0.02000	1000.00000	0.16600	0.03024
3200.00000	16.00000	20000.00000	0.00316	1.00000	0.00005	0.00000	1.50000	0.90000	0.50000	0.02000	1000.00000	0.19800	0.03239
3200.00000	16.00000	20000.00000	0.00316	1.00000	0.00005	0.00000	1.50000	1.00000	0.50000	0.02000	1000.00000	0.16600	0.03024
3200.00000	16.00000	20000.00000	0.00316	0.00000	0.00005	0.00000	1.50000	0.01000	0.50000	0.02000	1000.00000	0.92800	0.02101
3200.00000	16.00000	20000.00000	0.00316	0.00000	0.00005	0.00000	1.50000	0.10000	0.50000	0.02000	1000.00000	0.38700	0.03958
3200.00000	16.00000	20000.00000	0.00316	0.00000	0.00005	0.00000	1.50000	0.20000	0.50000	0.02000	1000.00000	0.23300	0.03436
3200.00000	16.00000	20000.00000	0.00316	0.00000	0.00005	0.00000	1.50000	0.30000	0.50000	0.02000	1000.00000	0.20300	0.03269
3200.00000	16.00000	20000.00000	0.00316	0.00000	0.00005	0.00000	1.50000	0.40000	0.50000	0.02000	1000.00000	0.15400	0.02933
3200.00000	16.00000	20000.00000	0.00316	0.00000	0.00005	0.00000	1.50000	0.50000	0.50000	0.02000	1000.00000	0.12100	0.02650
3200.00000	16.00000	20000.00000	0.00316	0.00000	0.00005	0.00000	1.50000	0.60000	0.50000	0.02000	1000.00000	0.12900	0.02724
3200.00000	16.00000	20000.00000	0.00316	0.00000	0.00005	0.00000	1.50000	0.70000	0.50000	0.02000	1000.00000	0.10300	0.02470
3200.00000	16.00000	20000.00000	0.00316	0.00000	0.00005	0.00000	1.50000	0.80000	0.50000	0.02000	1000.00000	0.10100	0.02449
3200.00000	16.00000	20000.00000	0.00316	0.00000	0.00005	0.00000	1.50000	0.90000	0.50000	0.02000	1000.00000	0.09000	0.02326
3200.00000	16.00000	20000.00000	0.00316	0.00000	0.00005	0.00000	1.50000	1.00000	0.50000	0.02000	1000.00000	0.08800	0.02302
3200.00000	16.00000	20000.00000	0.00464	1.00000	0.00005	0.00000	1.50000	0.01000	0.50000	0.02000	1000.00000	1.00000	0.00000
3200.00000	16.00000	20000.00000	0.00464	1.00000	0.00005	0.00000	1.50000	0.10000	0.50000	0.02000	1000.00000	0.72300	0.03637
3200.00000	16.00000	20000.00000	0.00464	1.00000	0.00005	0.00000	1.50000	0.20000	0.50000	0.02000	1000.00000	0.53000	0.04056
3200.00000	16.00000	20000.00000	0.00464	1.00000	0.00005	0.00000	1.50000	0.30000	0.50000	0.02000	1000.00000	0.40900	0.03996
3200.00000	16.00000	20000.00000	0.00464	1.00000	0.00005	0.00000	1.50000	0.40000	0.50000	0.02000	1000.00000	0.32700	0.03813
3200.00000	16.00000	20000.00000	0.00464	1.00000	0.00005	0.00000	1.50000	0.50000	0.50000	0.02000	1000.00000	0.30600	0.03745
3200.00000	16.00000	20000.00000	0.00464	1.00000	0.00005	0.00000	1.50000	0.60000	0.50000	0.02000	1000.00000	0.30100	0.03728
3200.00000	16.00000	20000.00000	0.00464	1.00000	0.00005	0.00000	1.50000	0.70000	0.50000	0.02000	1000.00000	0.24600	0.03500
3200.00000	16.00000	20000.00000	0.00464	1.00000	0.00005	0.00000	1.50000	0.80000	0.50000	0.02000	1000.00000	0.24900	0.03514
3200.00000	16.00000	20000.00000	0.00464	1.00000	0.00005	0.00000	1.50000	0.90000	0.50000	0.02000	1000.00000	0.22900	0.03415
3200.00000	16.00000	20000.00000	0.00464	1.00000	0.00005	0.00000	1.50000	1.00000	0.50000	0.02000	1000.00000	0.21200	0.03322
3200.00000	16.00000	20000.00000	0.00464	0.00000	0.00005	0.00000	1.50000	0.01000	0.50000	0.02000	1000.00000	0.94200	0.01900
3200.00000	16.00000	20000.00000	0.00464	0.00000	0.00005	0.00000	1.50000	0.10000	0.50000	0.02000	1000.00000	0.41800	0.04009
3200.00000	16.00000	20000.00000	0.00464	0.00000	0.00005	0.00000	1.50000	0.20000	0.50000	0.02000	1000.00000	0.23500	0.03446
3200.00000	16.00000	20000.00000	0.00464	0.00000	0.00005	0.00000	1.50000	0.30000	0.50000	0.02000	1000.00000	0.18000	0.03122
3200.00000	16.00000	20000.00000	0.00464	0.00000	0.00005	0.00000	1.50000	0.40000	0.50000	0.02000	1000.00000	0.16000	0.02979
3200.00000	16.00000	20000.00000	0.00464	0.00000	0.00005	0.00000	1.50000	0.50000	0.50000	0.02000	1000.00000	0.12900	0.02724
3200.00000	16.00000	20000.00000	0.00464	0.00000	0.00005	0.00000	1.50000	0.60000	0.50000	0.02000	1000.00000	0.14200	0.02837
3200.00000	16.00000	20000.00000	0.00464	0.00000	0.00005	0.00000	1.50000	0.70000	0.50000	0.02000	1000.00000	0.12700	0.02706
3200.00000	16.00000	20000.00000	0.00464	0.00000	0.00005	0.00000	1.50000	0.80000	0.50000	0.02000	1000.00000	0.11100	0.02553
3200.00000	16.00000	20000.00000	0.00464	0.00000	0.00005	0.00000	1.50000	0.90000	0.50000	0.02000	1000.00000	0.10300	0.02470
3200.00000	16.00000	20000.00000	0.00464	0.00000	0.00005	0.00000	1.50000	1.00000	0.50000	0.02000	1000.00000	0.09400	0.02372
3200.00000	16.00000	20000.00000	0.00681	1.00000	0.00005	0.00000	1.50000	0.01000	0.50000	0.02000	1000.00000	1.00000	0.00000
3200.00000	16.00000	20000.00000	0.00681	1.00000	0.00005	0.00000	1.50000	0.10000	0.50000	0.02000	1000.00000	0.82500	0.03088
3200.00000	16.00000	20000.00000	0.00681	1.00000	0.00005	0.00000	1.50000	0.20000	0.50000	0.02000	1000.00000	0.62000	0.03945
3200.00000	16.00000	20000.00000	0.00681	1.00000	0.00005	0.00000	1.50000	0.30000	0.50000	0.02000	1000.00000	0.47500	0.04058
3200.00000	16.00000	20000.00000	0.00681	1.00000	0.00005	0.00000	1.50000	0.40000	0.50000	0.02000	1000.00000	0.41600	0.04006
3200.00000	16.00000	20000.00000	0.00681	1.00000	0.00005	0.00000	1.50000	0.50000	0.50000	0.02000	1000.00000	0.37600	0.03937
3200.00000	16.00000	20000.00000	0.00681	1.00000	0.00005	0.00000	1.50000	0.60000	0.50000	0.02000	1000.00000	0.31900	0.03788
3200.00000	16.00000	20000.00000	0.00681	1.00000	0.00005	0.00000	1.50000	0.70000	0.50000	0.02000	1000.00000	0.31100	0.03762
3200.00000	16.00000	20000.00000	0.00681	1.00000	0.00005	0.00000	1.50000	0.80000	0.50000	0.02000	1000.00000	0.29600	0.03710
3200.00000	16.00000	20000.00000	0.00681	1.00000	0.00005	0.00000	1.50000	0.90000	0.50000	0.02000	1000.00000	0.26300	0.03578
3200.00000	16.00000	20000.00000	0.00681	1.00000	0.00005	0.00000	1.50000	1.00000	0.50000	0.02000	1000.00000	0.25000	0.03519
3200.00000	16.00000	20000.00000	0.00681	0.00000	0.00005	0.00000	1.50000	0.01000	0.50000	0.02000	1000.00000	0.95500	0.01685
3200.00000	16.00000	20000.00000	0.00681	0.00000	0.00005	0.00000	1.50000	0.10000	0.50000	0.02000	1000.00000	0.45600	0.04048
3200.00000	16.00000	20000.00000	0.00681	0.00000	0.00005	0.00000	1.50000	0.20000	0.50000	0.02000	1000.00000	0.27500	0.03629
3200.00000	16.00000	20000.00000	0.00681	0.00000	0.00005	0.00000	1.50000	0.30000	0.50000	0.02000	1000.00000	0.21500	0.03339
3200.00000	16.00000	20000.00000	0.00681	0.00000	0.00005	0.00000	1.50000	0.40000	0.50000	0.02000	1000.00000	0.16800	0.03038
3200.00000	16.00000	20000.00000	0.00681	0.00000	0.00005	0.00000	1.50000	0.50000	0.50000	0.02000	1000.00000	0.18600	0.03162
3200.00000	16.00000	20000.00000	0.00681	0.00000	0.00005	0.00000	1.50000	0.60000	0.50000	0.02000	1000.00000	0.14500	0.02862
3200.00000	16.00000	20000.00000	0.00681	0.00000	0.00005	0.00000	1.50000	0.70000	0.50000	0.02000	1000.00000	0.14400	0.02853
3200.00000	16.00000	20000.00000	0.00681	0.00000	0.00005	0.00000	1.50000	0.80000	0.50000	0.02000	1000.00000	0.10100	0.02449
3200.00000	16.00000	20000.00000	0.00681	0.00000	0.00005	0.00000	1.50000	0.90000	0.50000	0.02000	1000.00000	0.12800	0.02715
3200.00000	16.00000	20000.00000	0.00681	0.00000	0.00005	0.00000	1.50000	1.00000	0.50000	0.02000	1000.00000	0.11300	0.02573
3200.00000	16.00000	20000.00000	0.01000	1.00000	0.00005	0.00000	1.50000	0.01000	0.50000	0.02000	1000.00000	1.00000	0.00000
3200.00000	16.00000	20000.00000	0.01000	1.00000	0.00005	0.00000	1.50000	0.10000	0.50000	0.02000	1000.00000	0.86800	0.02751
3200.00000	16.00000	20000.00000	0.01000	1.00000	0.00005	0.00000	1.50000	0.20000	0.50000	0.02000	1000.00000	0.67400	0.03810
3200.00000	16.00000	20000.00000	0.01000	1.00000	0.00005	0.00000	1.50000	0.30000	0.50000	0.02000	1000.00000	0.53400	0.04054
3200.00000	16.00000	20000.00000	0.01000	1.00000	0.00005	0.00000	1.50000	0.40000	0.50000	0.02000	1000.00000	0.49300	0.04063
3200.00000	16.00000	20000.00000	0.01000	1.00000	0.00005	0.00000	1.50000	0.50000	0.50000	0.02000	1000.00000	0.40600	0.03991
3200.00000	16.00000	20000.00000	0.01000	1.00000	0.00005	0.00000	1.50000	0.60000	0.50000	0.02000	1000.00000	0.36100	0.03903
3200.00000	16.00000	20000.00000	0.01000	1.00000	0.00005	0.00000	1.50000	0.70000	0.50000	0.02000	1000.00000	0.37400	0.03932
3200.00000	16.00000	20000.00000	0.01000	1.00000	0.00005	0.00000	1.50000	0.80000	0.50000	0.02000	1000.00000	0.32600	0.03810
3200.00000	16.00000	20000.00000	0.01000	1.00000	0.00005	0.00000	1.50000	0.90000	0.50000	0.02000	1000.00000	0.31800	0.03785
3200.00000	16.00000	20000.00000	0.01000	1.00000	0.00005	0.00000	1.50000	1.00000	0.50000	0.02000	1000.00000	0.31600	0.03778
3200.00000	16.00000	20000.00000	0.01000	0.00000	0.00005	0.00000	1.50000	0.01000	0.50000	0.02000	1000.00000	0.96900	0.01409
3200.00000	16.00000	20000.00000	0.01000	0.00000	0.00005	0.00000	1.50000	0.10000	0.50000	0.02000	1000.00000	0.48600	0.04062
3200.00000	16.00000	20000.00000	0.01000	0.00000	0.00005	0.00000	1.50000	0.20000	0.50000	0.02000	1000.00000	0.30300	0.03735
3200.00000	16.00000	20000.00000	0.01000	0.00000	0.00005	0.00000	1.50000	0.30000	0.50000	0.02000	1000.00000	0.24700	0.03505
3200.00000	16.00000	20000.00000	0.01000	0.00000	0.00005	0.00000	1.50000	0.40000	0.50000	0.02000	1000.00000	0.22100	0.03372
3200.00000	16.00000	20000.00000	0.01000	0.00000	0.00005	0.00000	1.50000	0.50000	0.50000	0.02000	1000.00000	0.16000	0.02979
3200.00000	16.00000	20000.00000	0.01000	0.00000	0.00005	0.00000	1.50000	0.60000	0.50000	0.02000	1000.00000	0.14300	0.02845
3200.00000	16.00000	20000.00000	0.01000	0.00000	0.00005	0.00000	1.50000	0.70000	0.50000	0.02000	1000.00000	0.15600	0.02949
3200.00000	16.00000	20000.00000	0.01000	0.00000	0.00005	0.00000	1.50000	0.80000	0.50000	0.02000	1000.00000	0.12700	0.02706
3200.00000	16.00000	20000.00000	0.01000	0.00000	0.00005	0.00000	1.50000	0.90000	0.50000	0.02000	1000.00000	0.12300	0.02669
3200.00000	16.00000	20000.00000	0.01000	0.00000	0.00005	0.00000	1.50000	1.00000	0.50000	0.02000	1000.00000	0.11300	0.02573
3200.00000	16.00000	20000.00000	0.01468	1.00000	0.00005	0.00000	1.50000	0.01000	0.50000	0.02000	1000.00000	1.00000	0.00000
3200.00000	16.00000	20000.00000	0.01468	1.00000	0.00005	0.00000	1.50000	0.10000	0.50000	0.02000	1000.00000	0.91400	0.02279
3200.00000	16.00000	20000.00000	0.01468	1.00000	0.00005	0.00000	1.50000	0.20000	0.50000	0.02000	1000.00000	0.73300	0.03595
3200.00000	16.00000	20000.00000	0.01468	1.00000	0.00005	0.00000	1.50000	0.30000	0.50000	0.02000	1000.00000	0.62000	0.03945
3200.00000	16.00000	20000.00000	0.01468	1.00000	0.00005	0.00000	1.50000	0.40000	0.50000	0.02000	1000.00000	0.54500	0.04047
3200.00000	16.00000	20000.00000	0.01468	1.00000	0.00005	0.00000	1.50000	0.50000	0.50000	0.02000	1000.00000	0.49000	0.04063
3200.00000	16.00000	20000.00000	0.01468	1.00000	0.00005	0.00000	1.50000	0.60000	0.50000	0.02000	1000.00000	0.45900	0.04050
3200.00000	16.00000	20000.00000	0.01468	1.00000	0.00005	0.00000	1.50000	0.70000	0.50000	0.02000	1000.00000	0.43100	0.04025
3200.00000	16.00000	20000.00000	0.01468	1.00000	0.00005	0.00000	1.50000	0.80000	0.50000	0.02000	1000.00000	0.38300	0.03951
3200.00000	16.00000	20000.00000	0.01468	1.00000	0.00005	0.00000	1.50000	0.90000	0.50000	0.02000	1000.00000	0.38400	0.03953
3200.00000	16.00000	20000.00000	0.01468	1.00000	0.00005	0.00000	1.50000	1.00000	0.50000	0.02000	1000.00000	0.37900	0.03943
3200.00000	16.00000	20000.00000	0.01468	0.00000	0.00005	0.00000	1.50000	0.01000	0.50000	0.02000	1000.00000	0.98400	0.01020
3200.00000	16.00000	20000.00000	0.01468	0.00000	0.00005	0.00000	1.50000	0.10000	0.50000	0.02000	1000.00000	0.57500	0.04018
3200.00000	16.00000	20000.00000	0.01468	0.00000	0.00005	0.00000	1.50000	0.20000	0.50000	0.02000	1000.00000	0.30800	0.03752
3200.00000	16.00000	20000.00000	0.01468	0.00000	0.00005	0.00000	1.50000	0.30000	0.50000	0.02000	1000.00000	0.26700	0.03595
3200.00000	16.00000	20000.00000	0.01468	0.00000	0.00005	0.00000	1.50000	0.40000	0.50000	0.02000	1000.00000	0.20700	0.03293
3200.00000	16.00000	20000.00000	0.01468	0.00000	0.00005	0.00000	1.50000	0.50000	0.50000	0.02000	1000.00000	0.19500	0.03220
3200.00000	16.00000	20000.00000	0.01468	0.00000	0.00005	0.00000	1.50000	0.60000	0.50000	0.02000	1000.00000	0.18700	0.03169
3200.00000	16.00000	20000.00000	0.01468	0.00000	0.00005	0.00000	1.50000	0.70000	0.50000	0.02000	1000.00000	0.14800	0.02886
3200.00000	16.00000	20000.00000	0.01468	0.00000	0.00005	0.00000	1.50000	0.80000	0.50000	0.02000	1000.00000	0.15900	0.02972
3200.00000	16.00000	20000.00000	0.01468	0.00000	0.00005	0.00000	1.50000	0.90000	0.50000	0.02000	1000.00000	0.14000	0.02820
3200.00000	16.00000	20000.00000	0.01468	0.00000	0.00005	0.00000	1.50000	1.00000	0.50000	0.02000	1000.00000	0.11400	0.02583
3200.00000	16.00000	20000.00000	0.02154	1.00000	0.00005	0.00000	1.50000	0.01000	0.50000	0.02000	1000.00000	1.00000	0.00000
3200.00000	16.00000	20000.00000	0.02154	1.00000	0.00005	0.00000	1.50000	0.10000	0.50000	0.02000	1000.00000	0.94400	0.01869
3200.00000	16.00000	20000.00000	0.02154	1.00000	0.00005	0.00000	1.50000	0.20000	0.50000	0.02000	1000.00000	0.76600	0.03441
3200.00000	16.00000	20000.00000	0.02154	1.00000	0.00005	0.00000	1.50000	0.30000	0.50000	0.02000	1000.00000	0.66800	0.03827
3200.00000	16.00000	20000.00000	0.02154	1.00000	0.00005	0.00000	1.50000	0.40000	0.50000	0.02000	1000.00000	0.57400	0.04019
3200.00000	16.00000	20000.00000	0.02154	1.00000	0.00005	0.00000	1.50000	0.50000	0.50000	0.02000	1000.00000	0.50200	0.04063
3200.00000	16.00000	20000.00000	0.02154	1.00000	0.00005	0.00000	1.50000	0.60000	0.50000	0.02000	1000.00000	0.45300	0.04046
3200.00000	16.00000	20000.00000	0.02154	1.00000	0.00005	0.00000	1.50000	0.70000	0.50000	0.02000	1000.00000	0.41100	0.03999
3200.00000	16.00000	20000.00000	0.02154	1.00000	0.00005	0.00000	1.50000	0.80000	0.50000	0.02000	1000.00000	0.42600	0.04019
3200.00000	16.00000	20000.00000	0.02154	1.00000	0.00005	0.00000	1.50000	0.90000	0.50000	0.02000	1000.00000	0.41100	0.03999
3200.00000	16.00000	20000.00000	0.02154	1.00000	0.00005	0.00000	1.50000	1.00000	0.50000	0.02000	1000.00000	0.39500	0.03973
3200.00000	16.00000	20000.00000	0.02154	0.00000	0.00005	0.00000	1.50000	0.01000	0.50000	0.02000	1000.00000	0.99200	0.00724
3200.00000	16.00000	20000.00000	0.02154	0.00000	0.00005	0.00000	1.50000	0.10000	0.50000	0.02000	1000.00000	0.57700	0.04015
3200.00000	16.00000	20000.00000	0.02154	0.00000	0.00005	0.00000	1.50000	0.20000	0.50000	0.02000	1000.00000	0.39400	0.03971
3200.00000	16.00000	20000.00000	0.02154	0.00000	0.00005	0.00000	1.50000	0.30000	0.50000	0.02000	1000.00000	0.27700	0.03637
3200.00000	16.00000	20000.00000	0.02154	0.00000	0.00005	0.00000	1.50000	0.40000	0.50000	0.02000	1000.00000	0.25500	0.03542
3200.00000	16.00000	20000.00000	0.02154	0.00000	0.00005	0.00000	1.50000	0.50000	0.50000	0.02000	1000.00000	0.20500	0.03281
3200.00000	16.00000	20000.00000	0.02154	0.00000	0.00005	0.00000	1.50000	0.60000	0.50000	0.02000	1000.00000	0.18900	0.03182
3200.00000	16.00000	20000.00000	0.02154	0.00000	0.00005	0.00000	1.50000	0.70000	0.50000	0.02000	1000.00000	0.17800	0.03109
3200.00000	16.00000	20000.00000	0.02154	0.00000	0.00005	0.00000	1.50000	0.80000	0.50000	0.02000	1000.00000	0.16100	0.02987
3200.00000	16.00000	20000.00000	0.02154	0.00000	0.00005	0.00000	1.50000	0.90000	0.50000	0.02000	1000.00000	0.18100	0.03129
3200.00000	16.00000	20000.00000	0.02154	0.00000	0.00005	0.00000	1.50000	1.00000	0.50000	0.02000	1000.00000	0.15000	0.02902
3200.00000	16.00000	20000.00000	0.03162	1.00000	0.00005	0.00000	1.50000	0.01000	0.50000	0.02000	1000.00000	1.00000	0.00000
3200.00000	16.00000	20000.00000	0.03162	1.00000	0.00005	0.00000	1.50000	0.10000	0.50000	0.02000	1000.00000	0.94300	0.01884
3200.00000	16.00000	20000.00000	0.03162	1.00000	0.00005	0.00000	1.50000	0.20000	0.50000	0.02000	1000.00000	0.76600	0.03441
3200.00000	16.00000	20000.00000	0.03162	1.00000	0.00005	0.00000	1.50000	0.30000	0.50000	0.02000	1000.00000	0.68000	0.03791
3200.00000	16.00000	20000.00000	0.03162	1.00000	0.00005	0.00000	1.50000	0.40000	0.50000	0.02000	1000.00000	0.57000	0.04024
3200.00000	16.00000	20000.00000	0.03162	1.00000	0.00005	0.00000	1.50000	0.50000	0.50000	0.02000	1000.00000	0.50900	0.04063
3200.00000	16.00000	20000.00000	0.03162	1.00000	0.00005	0.00000	1.50000	0.60000	0.50000	0.02000	1000.00000	0.45500	0.04047
3200.00000	16.00000	20000.00000	0.03162	1.00000	0.00005	0.00000	1.50000	0.70000	0.50000	0.02000	1000.00000	0.42300	0.04015
3200.00000	16.00000	20000.00000	0.03162	1.00000	0.00005	0.00000	1.50000	0.80000	0.50000	0.02000	1000.00000	0.38400	0.03953
3200.00000	16.00000	20000.00000	0.03162	1.00000	0.00005	0.00000	1.50000	0.90000	0.50000	0.02000	1000.00000	0.36200	0.03906
3200.00000	16.00000	20000.00000	0.03162	1.00000	0.00005	0.00000	1.50000	1.00000	0.50000	0.02000	1000.00000	0.38200	0.03949
3200.00000	16.00000	20000.00000	0.03162	0.00000	0.00005	0.00000	1.50000	0.01000	0.50000	0.02000	1000.00000	1.00000	0.00000
3200.00000	16.00000	20000.00000	0.03162	0.00000	0.00005	0.00000	1.50000	0.10000	0.50000	0.02000	1000.00000	0.63700	0.03908
3200.00000	16.00000	20000.00000	0.03162	0.00000	0.00005	0.00000	1.50000	0.20000	0.50000	0.02000	1000.00000	0.43800	0.04032
3200.00000	16.00000	20000.00000	0.03162	0.00000	0.00005	0.00000	1.50000	0.30000	0.50000	0.02000	1000.00000	0.31000	0.03759
3200.00000	16.00000	20000.00000	0.03162	0.00000	0.00005	0.00000	1.50000	0.40000	0.50000	0.02000	1000.00000	0.28800	0.03680
3200.00000	16.00000	20000.00000	0.03162	0.00000	0.00005	0.00000	1.50000	0.50000	0.50000	0.02000	1000.00000	0.25800	0.03556
3200.00000	16.00000	20000.00000	0.03162	0.00000	0.00005	0.00000	1.50000	0.60000	0.50000	0.02000	1000.00000	0.21100	0.03316
3200.00000	16.00000	20000.00000	0.03162	0.00000	0.00005	0.00000	1.50000	0.70000	0.50000	0.02000	1000.00000	0.21400	0.03333
3200.00000	16.00000	20000.00000	0.03162	0.00000	0.00005	0.00000	1.50000	0.80000	0.50000	0.02000	1000.00000	0.20600	0.03287
